Feature	Gain	Cover	Frequency
ctrx_quarter_normalizado	0.138226995102302	0.00962642178041322	0.00498896805655101
ctrx_quarter	0.0697042337759035	0.00478697874293085	0.0041808957657012
mcuentas_saldo	0.0394244865774077	0.00646008249735534	0.00838989839369282
mcaja_ahorro	0.033822530491081	0.00612427303547417	0.0103573787540228
mtarjeta_visa_consumo	0.0197500306651487	0.0100457867893879	0.00834773810025718
mpasivos_margen	0.016863063780788	0.00540306533258565	0.00574082662281996
cpayroll_trx	0.0148488441713956	0.00595572148741847	0.00278257936675239
foto_mes	0.0134141062349198	0.013829237350124	0.010800061835097
mpayroll_sobre_edad	0.0130144165545343	0.00886388970444178	0.0031901288699636
mpayroll	0.0116884757922408	0.00822391082182424	0.00333066318141574
mprestamos_personales	0.00988700317793105	0.00765825480697308	0.00337282347485139
mv_Finiciomora_lag1	0.00956664355232858	0.00512520831160215	0.00181289261773262
mv_mpagospesos	0.00923128145484904	0.00272104606725945	0.00289500681591411
mv_Finiciomora	0.00868747890481648	0.00769858264361986	0.00141236983009402
mcaja_ahorro_lag1	0.00809377114065791	0.00362912129122285	0.00550191829335132
ctarjeta_visa_trx	0.00770363784178239	0.00520982309470385	0.00633809744649156
mprestamos_personales_mean6	0.00687440074873985	0.00248976489899307	0.0019955872226204
mactivos_margen	0.00667362377366494	0.00551877278138699	0.00847421898056411
Visa_Finiciomora_mean6	0.00662217920392966	0.00267489654188135	0.00125075537192406
mrentabilidad_annual_delta1	0.00623675473669904	0.00520358296256545	0.00969686749019773
mv_Finiciomora_delta1	0.00515280733221425	0.00364527963288447	0.000843205868712846
mpasivos_margen_mean6	0.00511230960554415	0.00246468019851126	0.00371713253790913
Visa_Finiciomora	0.00507429598968802	0.00415985989210461	0.000892392877721096
cliente_vip_lag1	0.00499800514348362	0.00290168959594342	0.00106806076703627
mprestamos_personales_delta1	0.00493790098544238	0.00602376688593477	0.00293014039377714
mcuenta_corriente_delta1	0.00481925657811798	0.00517129327799032	0.00515760923029358
mrentabilidad_mean6	0.00481156432647059	0.00245689243565573	0.00453925825990416
mcuenta_corriente	0.00479353090509185	0.00253773843896684	0.00530517025731832
mcuentas_saldo_delta1	0.0046902890065374	0.00644573002237057	0.00849529912728193
mdescubierto_preacordado	0.0046859423796136	0.000989188574382004	0.000695644841688098
ctrx_quarter_normalizado_delta1	0.00467082379518557	0.00381392017268147	0.00616945627274899
ctrx_quarter_delta1	0.00442909747736253	0.00323443440240918	0.00614837612603117
cliente_edad_mean6	0.00433855680845447	0.0060226706846985	0.00869204716331492
cprestamos_personales_mean6	0.00426114003591513	0.00173585922054414	0.00170046516857091
mcuenta_corriente_mean6	0.00416034018745722	0.00475541969803035	0.00749750551597172
mactivos_margen_mean6	0.0041406273516762	0.00316697293549419	0.00619053641946681
mvr_mpagospesos	0.00402959436656007	0.00270628370219	0.00243827030369465
mv_status07	0.00398888293247785	0.000126724611499322	0.000112427449161713
mactivos_margen_delta1	0.00370919153831519	0.00296563408544155	0.00642241803336285
mcaja_ahorro_mean6	0.00359378798710859	0.00228113296562642	0.00497491462540579
chomebanking_trx_mean6	0.00355452469805578	0.00440441462670607	0.00549489157777872
ctrx_quarter_normalizado_mean6	0.00353576324659699	0.00119380844171837	0.00198153379147519
mrentabilidad_annual_mean6	0.00351843537981916	0.00548978568334337	0.0056775861826665
chomebanking_trx_delta1	0.0033261447053329	0.00625973642771466	0.00581812049411864
cliente_edad_lag1	0.00326917695917088	0.00583083636087185	0.00713211630619616
mcuentas_saldo_lag1	0.0032649744636119	0.00766840867912255	0.00603594867686946
mrentabilidad_delta1	0.00322691741622445	0.00220654408953343	0.00576190676953778
mcuenta_corriente_lag1	0.0031095038375649	0.00238787441281764	0.00437764380173419
cliente_edad	0.00307305500033627	0.00405450452940224	0.00673159351855756
mv_Finiciomora_mean6	0.00306680971821915	0.00317516348545797	0.00151074384811052
mv_msaldototal	0.00306254063817303	0.00111032645319746	0.00167938502185309
mcomisiones_mean6	0.00300162811901956	0.00166607734882751	0.00359767837317481
mrentabilidad_annual_lag1	0.00289694904988232	0.00212941331477703	0.00541057099090743
mpasivos_margen_delta1	0.00289395768585487	0.00291937422220451	0.00534030383518136
cpayroll_trx_mean6	0.0028300916713381	0.000810234512813542	0.00105400733589106
ctransferencias_recibidas_mean6	0.0027845015198749	0.00306682368262896	0.00540354427533482
ccomisiones_mantenimiento_mean6	0.00276751007453292	0.00490369708287462	0.00354146464859395
mcuentas_saldo_mean6	0.00275936740889943	0.00333255525346177	0.00385766684936127
mcaja_ahorro_delta1	0.00271620106713694	0.00570938792207662	0.0046797925713563
numero_de_cliente	0.00269973628181476	0.00231764137193866	0.005382464128617
mtransferencias_recibidas	0.00266151822714419	0.00242434291602148	0.00321120901668142
mrentabilidad_lag1	0.0025927354017072	0.00183130674927525	0.00485546046067147
mcomisiones_mantenimiento	0.00258104037599585	0.00321397559899901	0.00279663279789761
thomebanking_mean6	0.0025591888452156	0.00153964009177242	0.00331660975027053
mdescubierto_preacordado_mean6	0.00254504898339732	0.000464023318375145	0.000611324254816814
mtransferencias_recibidas_mean6	0.00252894206698702	0.00212202093854647	0.00445493767303287
mrentabilidad	0.00252698594630051	0.00228124315473192	0.0044830445353233
mcomisiones_otras_mean6	0.00252361605092596	0.00282171413491069	0.00360470508874742
ctrx_quarter_mean6	0.00249448849860192	0.00141027060704567	0.00231178942338772
ccaja_ahorro	0.00246582943845571	0.00510410016226849	0.00157398428826398
cproductos	0.00245479612793805	0.00567652066510943	0.0041808957657012
mtarjeta_visa_debitos_automaticos_mean6	0.00242162918707371	0.00293198118721789	0.00331660975027053
mv_mpagominimo	0.00240670044774055	0.00281555105705059	0.00293716710934975
chomebanking_trx	0.00233860707260967	0.00254890138002919	0.00430737664600812
Visa_mpagospesos_delta1	0.00232776965866961	0.00256045360882575	0.00439872394845201
Visa_Finiciomora_lag1	0.00230889359475209	0.00222036670478979	0.000674564694970277
Master_fultimo_cierre_mean6	0.00229767098434116	0.00179380649226	0.00405441488539427
mtransferencias_emitidas_mean6	0.00226723661111746	0.00285006345261024	0.00545273128434307
mactivos_margen_lag1	0.00225146817493214	0.00298363187486751	0.00506626192784968
mcuenta_debitos_automaticos	0.00225126676587989	0.00677303859743831	0.00233286957010554
mcaja_ahorro_dolares_delta1	0.00225049476882726	0.00466534849025211	0.00315499529210057
Master_Fvencimiento_mean6	0.00223422518535282	0.00137243424164851	0.00454628497547676
mautoservicio	0.00222563191608162	0.00491683788677074	0.00236097643239597
ccomisiones_otras_mean6	0.00222305835951269	0.00558425735236552	0.00480627345166322
Visa_fechaalta_mean6	0.00221173553082237	0.00151957477838094	0.00380145312478042
mpasivos_margen_lag1	0.00217801726064647	0.00238842082136548	0.00406144160096688
Visa_mpagospesos	0.00216855226733506	0.00279662523214439	0.00432143007715334
chomebanking_trx_lag1	0.00213889463119223	0.0020166785917695	0.00441277737959723
Visa_mpagospesos_mean6	0.00211755838953214	0.00274854514752422	0.00335877004370617
mcomisiones_mantenimiento_mean6	0.00211590321015236	0.0018763894522201	0.0031901288699636
Master_Fvencimiento	0.00211030138470806	0.00131094953891877	0.00411765532554773
Visa_cconsumos_mean6	0.0020896209126808	0.00210524567920977	0.00350633107073092
mv_Fvencimiento	0.00205730048524614	0.00136253008932472	0.00374523940019956
cprestamos_personales	0.00204569515539849	0.000825554033866363	0.000604297539244206
Master_Fvencimiento_lag1	0.00204103158104441	0.00138479929639144	0.00419494919684641
Visa_Fvencimiento	0.0020289354051663	0.00161144612582885	0.00387172028050649
mtransferencias_recibidas_lag1	0.00202510632907679	0.00531500211021137	0.00359767837317481
mcomisiones	0.0020148229973469	0.00176577837041069	0.00309878156751971
mv_fultimo_cierre_mean6	0.00198783064210283	0.00188705678403199	0.00373118596905434
cproductos_mean6	0.00198107548198308	0.0027416122334599	0.00455331169104937
Visa_mpagominimo	0.00197623303290448	0.00237768919088217	0.00340795705271442
mprestamos_personales_lag1	0.00196698255632761	0.00102759857020524	0.000927526455584131
mcomisiones_otras_delta1	0.00194592664098516	0.0015508921733295	0.00382955998707084
Visa_Fvencimiento_mean6	0.00193747768086481	0.00122457325485162	0.00387874699607909
cmobile_app_trx_mean6	0.00192949561245558	0.00173294235166445	0.00377334626248999
cliente_antiguedad_mean6	0.00191558401366033	0.00181920223617025	0.00385064013378866
mrentabilidad_annual	0.00191159868870854	0.00129951965982087	0.00317607543881839
mcomisiones_otras_lag1	0.00185606753312049	0.00137118530782489	0.00323228916339924
mcomisiones_delta1	0.00185564963557042	0.00176761127302399	0.00354146464859395
Master_fechaalta	0.0017989135147051	0.00458003649980985	0.00416684233455598
Visa_mpagospesos_lag1	0.00179012334940704	0.00264998815140602	0.00391388057394213
mcaja_ahorro_dolares_mean6	0.00177894370973247	0.00187259560747605	0.00321120901668142
cliente_antiguedad	0.00177167142722156	0.00178423707234886	0.00340093033714181
mcomisiones_otras	0.00175175674837503	0.00218442411934839	0.00297230068721278
ctarjeta_visa_debitos_automaticos_mean6	0.00174715936470134	0.0047492104322293	0.00316904872324578
Master_fechaalta_mean6	0.0017361832043314	0.00173216723471335	0.00401225459195863
cmobile_app_trx_lag1	0.00172586298339005	0.00307515614336783	0.00347822420844049
mv_Fvencimiento_mean6	0.0017120780193834	0.00115396937166413	0.00349930435515831
mcomisiones_lag1	0.00171178943569159	0.00122262863841013	0.00301446098064843
mv_status06_mean6	0.00170766509765604	2.29807691135615e-05	7.02671557260705e-05
Visa_fultimo_cierre_mean6	0.00170219199165617	0.001984586823637	0.00318310215439099
Visa_fechaalta	0.00170056906733192	0.00140426316246487	0.00385064013378866
cprestamos_personales_delta1	0.00169108638352237	0.00266740104233335	0.000751858566268955
Visa_Fvencimiento_lag1	0.00168151197555337	0.00117356811991294	0.00320418230110882
mv_fechaalta	0.00165258507632178	0.00151179471351557	0.00322526244782664
Master_fechaalta_lag1	0.00164968249771685	0.00112463638470038	0.0035906516576022
mtransferencias_emitidas_delta1	0.00163123148211191	0.00615040581545668	0.00399820116081341
ctrx_quarter_normalizado_lag1	0.00162149035013978	0.00162289259093453	0.00293014039377714
cliente_antiguedad_lag1	0.00162101370898336	0.00154511897821735	0.00343606391500485
Visa_mconsumospesos	0.00160485850655428	0.00148838393541551	0.00314094186095535
Master_fultimo_cierre	0.00159781800088431	0.00223088338656239	0.00318310215439099
Visa_mconsumospesos_delta1	0.0015881211184247	0.00207639394679021	0.00314094186095535
tmobile_app_delta1	0.00158533965514895	0.000659036577442111	0.00181289261773262
mtransferencias_recibidas_delta1	0.00157689796875801	0.00562753850248308	0.00336579675927878
mv_Fvencimiento_lag1	0.00157219381216339	0.00108811756564783	0.00314094186095535
mv_fultimo_cierre	0.00157210221529641	0.00157616002647572	0.00300743426507582
mvr_msaldopesos2_mean6	0.00156915461258307	0.00148626535183411	0.00470789943364673
ctrx_quarter_lag1	0.0015593279074968	0.0017184922200509	0.00281068622904282
mpagomiscuentas	0.00155449721083779	0.00403312933046797	0.00173559874643394
Visa_fultimo_cierre	0.00154396832423814	0.00110718481788047	0.00287392666919628
Master_fultimo_cierre_lag1	0.00152829802293456	0.00122868610133279	0.00286689995362368
Visa_mconsumosdolares_mean6	0.00151025105425463	0.00119767130805534	0.00287392666919628
mtransferencias_emitidas_lag1	0.0015035266454948	0.00205418755086058	0.00339390362156921
Master_mfinanciacion_limite	0.00150269925557886	0.00180165457463261	0.00285987323805107
Visa_mpagominimo_mean6	0.00148815194674087	0.00165390652887974	0.00267717863316329
mv_fechaalta_lag1	0.00148400488006187	0.00164602051438171	0.00333768989698835
ccallcenter_trx_mean6	0.00148152529651951	0.00320776611006781	0.00330255631912531
mv_fechaalta_mean6	0.00148010161514451	0.00138624770856874	0.00315499529210057
mv_status02_mean6	0.0014680651889518	0.000406682774724214	0.000421602934356423
mvr_mpagominimo_lag1	0.00145866396097144	0.00241218031470089	0.00361875851989263
mv_cconsumos_mean6	0.00144334601538679	0.0020900358638138	0.00257880461514679
internet_mean6	0.00139235309793467	0.00102153954537154	0.00207990780949169
mv_msaldopesos	0.00139225079223625	0.00149736258106742	0.00172154531528873
Visa_mconsumospesos_mean6	0.00139053123249411	0.00199180560461123	0.00267015191759068
Visa_mconsumospesos_lag1	0.00138686562726776	0.001066547053456	0.00242421687254943
ctransferencias_emitidas_mean6	0.00138226504976499	0.00226022224928674	0.00284581980690586
tmobile_app_mean6	0.0013803290986668	0.000933063420655548	0.00257880461514679
mvr_mpagominimo	0.00137786783843368	0.00325760724939312	0.00336579675927878
mvr_mpagominimo_mean6	0.00136905865648304	0.00180490308929122	0.00351335778630353
Visa_msaldopesos	0.00135728092108409	0.00165681856327286	0.00271231221102632
ctarjeta_debito_mean6	0.00134056710457821	0.00125496064333696	0.00255069775285636
Visa_msaldototal	0.00133603724846164	0.00186854006825495	0.00210098795620951
cmobile_app_trx_delta1	0.00132554671800776	0.00448999195608448	0.00285987323805107
Visa_fechaalta_lag1	0.00131961025404594	0.00106529064477237	0.00296527397164018
ctarjeta_visa_trx_mean6	0.00131613717434877	0.00180068979705441	0.00215720168079037
mvr_mpagospesos_delta1	0.00130477286539271	0.00238006151063194	0.00252961760613854
mvr_msaldopesos2_lag1	0.00128918886654483	0.00158623610057972	0.00340093033714181
mv_mpagominimo_mean6	0.00128393131641712	0.00170714192403967	0.0024944840282755
Visa_mfinanciacion_limite	0.0012723898562055	0.0010329413100706	0.00220638868979861
ccajas_consultas_mean6	0.00126367251109845	0.0065621461325268	0.00264907177087286
mvr_mpagospesos_lag1	0.00126157957130284	0.00137771405881171	0.0024874573127029
mvr_msaldopesos	0.00124800616263074	0.00175321789084514	0.00170046516857091
mvr_msaldopesos2	0.00124506974888893	0.0011897100243202	0.00276149922003457
mcaja_ahorro_dolares	0.00123999641410807	0.00128123094586829	0.00236800314796858
Visa_cconsumos	0.0012359048931219	0.0017039456590244	0.00271231221102632
Visa_mpagominimo_lag1	0.00122644737313735	0.00118467319588985	0.0025858313307194
mcaja_ahorro_dolares_lag1	0.00122554437723083	0.00189081027940734	0.00257880461514679
mv_fultimo_cierre_lag1	0.00122047675705259	0.00109511481557193	0.00259988476186461
cmobile_app_trx	0.00121830602969873	0.00173038446200698	0.00215720168079037
mvr_msaldopesos2_delta1	0.00121342242293219	0.00113706800660459	0.00245935045041247
mpayroll_mean6	0.00121149870158076	0.00253305642466259	0.00224152226766165
cpagomiscuentas_mean6	0.00120997865210812	0.00214923139996283	0.00245232373483986
mv_status04	0.00120851558609361	4.05258274661272e-05	5.62137245808564e-05
Visa_mpagominimo_delta1	0.0012075359388152	0.00145612005956101	0.00226260241437947
cextraccion_autoservicio_mean6	0.00120471420659393	0.00243006404743208	0.00246637716598508
mautoservicio_mean6	0.00120226117198652	0.00122512200626603	0.00297230068721278
ccomisiones_otras_lag1	0.00120218773815587	0.00252016879910947	0.00242421687254943
mvr_mconsumospesos_mean6	0.00119246534284122	0.000995070396688621	0.00226962912995208
ctarjeta_visa_trx_lag1	0.0011837670535117	0.00277062484271728	0.00250151074384811
mvr_mpagominimo_delta1	0.00117231278169592	0.00404363995053817	0.00240313672583161
mtarjeta_visa_debitos_automaticos	0.00116581055531824	0.00104875829979179	0.00195342692918476
mtarjeta_visa_consumo_delta1	0.00116560428756808	0.00148071365058372	0.00227665584552469
Visa_mlimitecompra	0.00115997070956702	0.000947773945153592	0.00200261393819301
ctarjeta_debito_trx_mean6	0.00115397172455828	0.00199484236875793	0.00309878156751971
Master_mlimitecompra	0.00115157076296611	0.000966317027476636	0.00221341540537122
Master_mfinanciacion_limite_lag1	0.00115090231091838	0.00364497669651812	0.00217125511193558
mcomisiones_mantenimiento_lag1	0.00114486839878596	0.00397754407732665	0.00211504138735472
mtransferencias_emitidas	0.00114080289253896	0.00274876214159464	0.00362578523546524
mvr_msaldototal	0.00113713534987122	0.00163363995209339	0.00181289261773262
mtarjeta_visa_consumo_lag1	0.00112688718586754	0.00213543009363575	0.00226260241437947
ccajas_trx_mean6	0.00112413041665991	0.00251320799377645	0.00294419382492235
mcuenta_debitos_automaticos_mean6	0.0011039827466026	0.00124927476648998	0.0021923352586534
mpagomiscuentas_mean6	0.00109875252586959	0.00173252889149737	0.00225557569880686
matm_mean6	0.00108426402332656	0.00104020256014995	0.0021923352586534
internet	0.00108304462488483	0.00071282905420869	0.0014896637013927
Visa_mfinanciacion_limite_mean6	0.00107950567375863	0.000830146312662145	0.00211504138735472
mextraccion_autoservicio_mean6	0.00107200898216825	0.00118522652147232	0.00201666736933822
mv_mpagospesos_delta1	0.0010661392632457	0.00292496404152211	0.00212909481849994
mtarjeta_visa_consumo_mean6	0.00106095800077151	0.000843895518099308	0.0012999423809323
Visa_mlimitecompra_mean6	0.00106053645189765	0.000771872452784099	0.00206585437834647
mv_mpagominimo_delta1	0.0010554711667467	0.00190400928308413	0.00197450707590258
mtarjeta_visa_debitos_automaticos_delta1	0.00105267341357116	0.00338919394122736	0.00202369408491083
ctarjeta_visa_trx_delta1	0.00104759421960897	0.00295123586877613	0.00187613305788608
mautoservicio_delta1	0.00103949759512178	0.00396380487555786	0.00225557569880686
Master_mfinanciacion_limite_mean6	0.00103726597816438	0.000987183898741933	0.0019955872226204
Visa_cconsumos_lag1	0.00103704704391957	0.000949615103582418	0.00203072080048344
cproductos_lag1	0.00103596790648666	0.0017343614966038	0.00207990780949169
Visa_msaldopesos_delta1	0.00102718465592342	0.00149202095685281	0.0019885605070478
ccuenta_debitos_automaticos_mean6	0.00102432024458539	0.00345644968214449	0.00213612153407254
mv_status07_delta1	0.00100577741466122	0.00117355718653561	0.000344309063057746
mv_status01_mean6	0.00100533874653929	0.00405340427463492	0.000941579886729345
ccomisiones_otras	0.00100063845928997	0.000973341536467342	0.00186910634231348
Master_mlimitecompra_mean6	0.00100001451302109	0.000813947063806454	0.00184802619559565
tcallcenter_mean6	0.00099644324911217	0.00233456516157822	0.00212206810292733
ccallcenter_trx	0.00099616100672336	0.00569717961626373	0.00170046516857091
mv_mpagospesos_lag1	0.000994761790085997	0.00135199544557509	0.00191829335132173
mv_status02	0.000994473124061583	5.35369555570122e-05	5.62137245808564e-05
mpayroll_sobre_edad_delta1	0.000991455484730432	0.00656469740265649	0.00212909481849994
mvr_Visa_mlimitecompra_mean6	0.000987212762153608	0.000804508472539653	0.00197450707590258
mvr_mpagospesos_mean6	0.0009851173587361	0.00147594387175399	0.00203072080048344
mdescubierto_preacordado_delta1	0.000982433573552567	0.00252696835572109	0.000519976952372922
Master_mpagominimo	0.000982245342078185	0.00191966755289229	0.00152479727925573
Visa_msaldototal_delta1	0.00097618715606289	0.00113709009648939	0.00192532006689433
mvr_msaldopesos_lag1	0.00097527346701656	0.00251362721813906	0.00168641173742569
mv_mpagospesos_mean6	0.000966710155333251	0.00138010802218599	0.00178478575544219
mforex_sell_mean6	0.000965116467702487	0.00385623193386441	0.00190423992017651
cproductos_delta1	0.000958578469104535	0.00382700407838946	0.000829152437567632
Visa_cconsumos_delta1	0.000954099424117557	0.00213863699452148	0.00187613305788608
ccaja_seguridad	0.000947786526842413	0.00273091098586528	0.000716724988405919
mvr_Master_mlimitecompra	0.000943607406288612	0.000999397262171541	0.00179883918658741
mtarjeta_visa_debitos_automaticos_lag1	0.000942431284730472	0.00320412421695558	0.00200964065376562
Visa_fultimo_cierre_lag1	0.000941391128554978	0.00133723267143369	0.00207990780949169
tmobile_app	0.000941329329999593	0.000449146822234211	0.00108914091375409
ctransferencias_recibidas	0.000921107675474521	0.00466838462219673	0.0018972132046039
mpayroll_sobre_edad_mean6	0.000914892967165697	0.00173540701010777	0.00196748036032997
mvr_mconsumosdolares_mean6	0.000908943247946724	0.000701749377880473	0.00193937349803955
ccomisiones_otras_delta1	0.000906645618259384	0.000841146331526981	0.00167235830628048
Visa_msaldopesos_mean6	0.000902303065634368	0.00129642376618453	0.00171451859971612
mpagomiscuentas_lag1	0.000895453568822827	0.00354852355739145	0.0018972132046039
mautoservicio_lag1	0.000895158352278089	0.00136107152472562	0.00213612153407254
catm_trx_mean6	0.000883706530128555	0.001108965842734	0.00181991933330523
ccomisiones_mantenimiento_delta1	0.000883134595421308	0.00195705862488771	0.000801045575277204
ctransferencias_recibidas_lag1	0.000871187764272209	0.00102744911019341	0.00181991933330523
Visa_mfinanciacion_limite_lag1	0.000867581507637816	0.000608695217509914	0.00162317129727223
Master_mpagospesos_mean6	0.000865212428458095	0.00172577399810401	0.0018972132046039
mv_cconsumos	0.000864177119792702	0.00182804239237602	0.00144750340795705
Visa_msaldototal_mean6	0.000861191448505721	0.000970915851423471	0.00155993085711877
ccaja_ahorro_mean6	0.000857568612639487	0.00097046609541874	0.00107508748260888
mvr_mconsumospesos_delta1	0.000855538906328532	0.0022731566949829	0.00176370560872437
mvr_mconsumospesos	0.000854944346700147	0.00103551634356122	0.00172154531528873
Visa_mconsumosdolares_lag1	0.000850302387454717	0.000743914654120253	0.00165830487513526
Master_fultimo_cierre_delta1	0.000840043788813387	0.00043772121979751	0.00153885071040094
mv_mpagominimo_lag1	0.000839082544861529	0.00111759562439712	0.00193234678246694
ctarjeta_debito_trx	0.000822508507349265	0.00219090694271276	0.0017918124710148
Visa_mpagado_mean6	0.000820817815370453	0.00160013770390901	0.00151074384811052
internet_lag1	0.000813604132332677	0.000550935821379962	0.00110319434489931
mvr_msaldototal_lag1	0.000795070999358434	0.000662054078019245	0.00122264850963363
mv_mfinanciacion_limite_mean6	0.000790624998019739	0.000547572208752552	0.00153182399482834
internet_delta1	0.000786416981997935	0.000439090197641577	0.00108914091375409
ctransferencias_emitidas_delta1	0.000778841823081941	0.00116689117331848	0.00138426296780359
ccomisiones_mantenimiento	0.000778012310261576	0.00236307981871857	0.000913473024438917
Visa_mlimitecompra_lag1	0.000777408923143686	0.000618952919555631	0.00141236983009402
thomebanking	0.00077228660334795	0.000885674258543391	0.00104698062031845
tcallcenter	0.000765574232657876	0.00123221724751413	0.000822125721995025
Master_Finiciomora	0.000762489361033107	0.000466408021848219	8.43205868712846e-05
mv_msaldopesos_mean6	0.000751148093068584	0.00174840363473894	0.00144750340795705
mvr_msaldopesos_delta1	0.000733159171684375	0.0011839613735245	0.00141236983009402
Master_msaldopesos	0.0007312431572765	0.00409222341677568	0.00127183551864188
mvr_Master_mlimitecompra_lag1	0.000726760501361312	0.000790454471318235	0.00146858355467487
Master_cconsumos_mean6	0.00072488237613709	0.00210401054226707	0.00170749188414351
Master_mlimitecompra_lag1	0.000720630832884814	0.000671673627837313	0.00146155683910227
Master_msaldototal	0.000717514187390523	0.00101505095781164	0.000983740180164987
mcomisiones_mantenimiento_delta1	0.00071401665683385	0.0023196799261731	0.00111724777604452
Master_mconsumospesos_mean6	0.000713437040148354	0.00133561040368155	0.00155993085711877
Visa_msaldototal_lag1	0.000710457948743395	0.000639784424692228	0.0013983163989488
mv_msaldototal_mean6	0.000707752620423444	0.00255211400792209	0.00142642326123923
mvr_Master_mlimitecompra_mean6	0.000695744566621311	0.000659252939310436	0.00151074384811052
mpayroll_delta1	0.000690128881206748	0.00315265578944976	0.00164425144399005
mvr_Visa_mlimitecompra	0.000688683063329966	0.000466167710677178	0.00141939654566662
mv_mconsumospesos_mean6	0.000683288601417704	0.00163624417844524	0.00142642326123923
mvr_mconsumospesos_lag1	0.000677777984407672	0.000819452577115894	0.00132804924322273
mv_msaldopesos_delta1	0.00067665431416647	0.00219948744980119	0.00128588894978709
Master_mpagominimo_mean6	0.000670888980267454	0.000670517330214104	0.00140534311452141
mv_fultimo_cierre_delta1	0.000669959373196627	0.000294788322671441	0.0011945416473432
Visa_mconsumosdolares	0.000662067831331211	0.000886200585377767	0.00131399581207752
ctarjeta_debito_trx_lag1	0.000653011205354055	0.0024498344571426	0.0018972132046039
Visa_fechaalta_delta1	0.000649424506062234	0.00108838011545711	0.000660511263825063
Visa_msaldopesos_lag1	0.000646310970739799	0.00051325765525882	0.00127886223421448
Master_mpagospesos_delta1	0.000636151345113987	0.00287054323025447	0.00123670194077884
mv_msaldototal_delta1	0.000633179641139357	0.00136473863154475	0.00133507595879534
Master_mpagominimo_lag1	0.000632095693022729	0.00143427758890527	0.00118048821619798
mv_mconsumosdolares_mean6	0.000630271797713264	0.00141621962871565	0.00156695757269137
Visa_mconsumosdolares_delta1	0.000627905112167846	0.000776105380474067	0.0012999423809323
mplazo_fijo_dolares_delta1	0.000626907302387796	0.00513534236235667	0.000751858566268955
mv_cconsumos_lag1	0.000626503287374928	0.00147077826003899	0.00118751493177059
mpayroll_sobre_edad_lag1	0.000626125022385701	0.00125682247849297	0.00137723625223098
mv_cconsumos_delta1	0.000625779752148715	0.00454104112203933	0.0014966904169653
Visa_mconsumototal_delta1	0.000617729775067025	0.000854278693665776	0.0012999423809323
mvr_msaldototal_mean6	0.000612872073976244	0.000590887497782997	0.00161614458169962
mv_mfinanciacion_limite	0.000602861788273974	0.000584340747630787	0.00115238135390756
mvr_msaldopesos_mean6	0.000600938587639277	0.000474208317180474	0.00131399581207752
ctarjeta_debito_trx_delta1	0.000600155431320408	0.0016781728623498	0.00136318282108577
mvr_msaldototal_delta1	0.000591041135876182	0.00209274414319205	0.00155290414154616
Visa_mpagosdolares_mean6	0.000590642909256529	0.000775938404745504	0.00101887375802802
mvr_Visa_mlimitecompra_lag1	0.000589541822163284	0.000461721544940978	0.00113832792276234
ctarjeta_master_trx_mean6	0.000586878323668815	0.00167093991261108	0.00115238135390756
Visa_mconsumototal_mean6	0.000586668477595068	0.000742915551687386	0.00108914091375409
ctarjeta_visa_debitos_automaticos_lag1	0.00058079667008102	0.00185167473871456	0.0010961676293267
mplazo_fijo_dolares	0.000580376063657141	0.00325531172360314	0.00066753797939767
mv_status01	0.000575616195378885	0.000936467903288679	0.00030917548519471
Visa_fultimo_cierre_delta1	0.000563342848567959	0.000292589598177997	0.00106103405146366
mvr_msaldodolares2_mean6	0.00056141854627429	0.00101981430305539	0.00132102252765013
mv_mlimitecompra_mean6	0.000555501440540584	0.000393363243578324	0.00118751493177059
mextraccion_autoservicio	0.000552359674855191	0.00110962723768556	0.00102590047360063
ccaja_ahorro_lag1	0.000551582225287284	0.000873262718352644	0.000843205868712846
mtarjeta_master_consumo	0.00055006862868041	0.00206541947632749	0.000772938712986776
mcuenta_debitos_automaticos_delta1	0.000549949136977047	0.00225096465375956	0.00108211419818149
Master_mpagospesos	0.000546241572058859	0.00207944194182111	0.00141939654566662
ctransferencias_emitidas_lag1	0.000543762989498441	0.0057977750550513	0.00155993085711877
Master_msaldototal_mean6	0.000538977876148046	0.000595067841134393	0.00115940806948016
mv_mconsumospesos_delta1	0.000537535641138789	0.000941681041725522	0.00113832792276234
Master_msaldopesos_mean6	0.000530810831133694	0.000395759958891114	0.00118048821619798
mv_mconsumospesos_lag1	0.000521861484888624	0.00054602543336767	0.000990766895737594
ccajas_extracciones_mean6	0.000520866720247446	0.00170505361178188	0.00127886223421448
Visa_mconsumototal	0.000517846316775841	0.000509144771589297	0.00120156836291581
mv_msaldopesos_lag1	0.000516965332856761	0.000649214202318123	0.000927526455584131
mv_mconsumospesos	0.000514688557496539	0.000784989530507651	0.00128588894978709
Master_msaldototal_delta1	0.000505032786267805	0.00315568541343169	0.00103292718917324
ctransferencias_recibidas_delta1	0.000503334277917767	0.00152940462836494	0.00115940806948016
Master_mpagospesos_lag1	0.000498629507164169	0.00160848864726194	0.0010961676293267
Visa_mconsumototal_lag1	0.00049788495199751	0.000555063580392786	0.000983740180164987
Master_mpagominimo_delta1	0.000497080183356333	0.00159357477682096	0.000983740180164987
ccajas_depositos_mean6	0.000483804467853355	0.00482708608980154	0.00105400733589106
ctransferencias_emitidas	0.000473695472454004	0.0010804207655166	0.00132804924322273
tmobile_app_lag1	0.000471386579707634	0.000253519434619029	0.000779965428559383
mextraccion_autoservicio_delta1	0.000464364293098795	0.00141887275775861	0.000997793611310201
mv_status04_delta1	0.000460534313759729	0.000453497934526712	0.00023890832946864
ccuenta_debitos_automaticos	0.00045936498621376	0.000998747990624774	0.000794018859704597
cplazo_fijo	0.000456305231689481	0.00120992888844292	0.000330255631912531
mv_Fvencimiento_delta1	0.000452354279958026	0.000377217545958519	0.000660511263825063
Visa_delinquency	0.000444112752917508	0.000333669643747192	0.000154587742597355
ctarjeta_visa_debitos_automaticos_delta1	0.000439410472437049	0.00114700269057051	0.000583217392526385
mextraccion_autoservicio_lag1	0.000432294798296301	0.000437132825593206	0.00114535463833495
Master_status	0.000432288445327516	0.000100000276302064	9.13473024438917e-05
ccallcenter_trx_delta1	0.000427047960590286	0.00261422035124842	0.000934553171156738
mv_fechaalta_delta1	0.000425720645515072	0.000703248589355148	0.000456736512219458
cforex_mean6	0.000419403975463551	0.00108901979240744	0.000808072290849811
mv_mlimitecompra	0.000415162987616072	0.000320954720929805	0.000808072290849811
mvr_mpagado_mean6	0.000411458866865125	0.000581665789021536	0.000920499740011524
mv_mlimitecompra_lag1	0.000407114690595711	0.000303446664993703	0.000808072290849811
ccaja_seguridad_mean6	0.000406204818842799	0.000405896501265637	0.000231881613896033
mvr_mconsumototal	0.000404472301326349	0.000418955118890013	0.000716724988405919
Master_msaldopesos_delta1	0.00039841170546118	0.00163843788251032	0.000836179153140239
mvr_mconsumosdolares_lag1	0.000398394467099571	0.00103265172432487	0.000920499740011524
mvr_mconsumototal_mean6	0.000397528013263625	0.000350729170894386	0.000758885281841562
cforex_sell_mean6	0.000393963440780537	0.000503202369447083	0.000723751703978526
matm_delta1	0.000393649607293966	0.00098190110651008	0.000878339446575882
Visa_Fvencimiento_delta1	0.000392261799516948	0.00029294344540679	0.000576190676953778
Master_fechaalta_delta1	0.000389531580872019	0.000170531716567683	0.000491870090082494
cpagomiscuentas_lag1	0.000388748344329969	0.00148607699279955	0.000815099006422418
cpayroll_trx_lag1	0.000387070637507368	0.000493199221713619	0.000372415925348174
mpayroll_lag1	0.000385830567492282	0.00165074886538034	0.00174965217757916
mv_mfinanciacion_limite_lag1	0.000385554539679267	0.000235277057360832	0.000772938712986776
cprestamos_hipotecarios_mean6	0.000384422729343382	0.00494372904894312	0.000632404401534635
Master_mconsumospesos_lag1	0.000380852271835511	0.000754183140789863	0.000758885281841562
mvr_mpagosdolares_mean6	0.000379994016847332	0.00111281275526528	0.000815099006422418
Master_Fvencimiento_delta1	0.000374648698366643	0.000169006287300439	0.00054808381466335
cliente_vip_delta1	0.000373179700732816	8.0907847550884e-05	0.000147561027024748
minversion1_pesos	0.000369501570227154	0.0046524703849187	0.000541057099090743
ctarjeta_visa_debitos_automaticos	0.000368725830940208	0.000491600828887479	0.000772938712986776
ctarjeta_master	0.00036724969787853	6.68354380921302e-05	7.02671557260705e-05
matm_lag1	0.000366473462167234	0.000696587596566381	0.000941579886729345
mv_status05_delta1	0.000365744541531119	0.00116848034343178	0.000365389209775567
matm	0.000363412550482727	0.000917912102547113	0.000829152437567632
Master_status_mean6	0.000361254416540411	0.000429912891779872	0.000210801467178212
mv_msaldototal_lag1	0.000360364891050882	0.00055394086385708	0.000794018859704597
mcuenta_debitos_automaticos_lag1	0.000359853477109264	0.000568771469563929	0.000843205868712846
Visa_Finiciomora_delta1	0.000358923886733252	0.000663476941794423	0.000175667889315176
ctarjeta_visa_descuentos_mean6	0.000358653290568485	0.00558342608099345	0.000885366162148489
mtarjeta_master_consumo_lag1	0.000358599283794274	0.00126111301094988	0.000765911997414169
ctarjeta_master_debitos_automaticos_mean6	0.000351358253564056	0.00272095134851097	0.000758885281841562
Master_mconsumospesos_delta1	0.00034912386786031	0.00107685369538118	0.000772938712986776
ccallcenter_trx_lag1	0.000348014101635912	0.000845766575968171	0.000569163961381171
mpagomiscuentas_delta1	0.000347445587328005	0.00109426048741775	0.000801045575277204
mv_mpagado_mean6	0.000341846499506498	0.000638294919379057	0.00105400733589106
tpaquete7_mean6	0.00034141837871377	0.00337318082010474	0.000519976952372922
matm_other_mean6	0.000339155507413396	0.000414204194557917	0.000829152437567632
mprestamos_hipotecarios_mean6	0.00033909506598591	0.00374477909356592	0.000435656365501637
mplazo_fijo_dolares_mean6	0.000336859877695213	0.00149596846389318	0.000590244108098992
cextraccion_autoservicio_lag1	0.000331283003484476	0.000584684777133	0.000730778419551133
mvr_mconsumosdolares	0.000322669506598597	0.000757533068101435	0.00078699214413199
mvr_mconsumototal_lag1	0.000321533077272985	0.000448915919717808	0.000646457832679849
mv_mconsumototal_mean6	0.000314741928306425	0.000772658949372825	0.000653484548252456
cprestamos_personales_lag1	0.000313311732857732	0.000199914238424619	0.000252961760613854
Master_mconsumototal_mean6	0.000307997478930919	0.000388149733257899	0.000709698272833312
catm_trx_other_mean6	0.000305707185471531	0.000388791715886447	0.000709698272833312
Master_mconsumospesos	0.000305706604462088	0.000764185061307505	0.00066753797939767
ccaja_seguridad_lag1	0.000305129210567019	0.000987194051163736	0.000274041907331675
cseguro_accidentes_personales_mean6	0.000304770691142184	0.000719582943516378	0.000604297539244206
cpagomiscuentas	0.00030442127322647	0.00211850239921857	0.000702671557260705
Master_cconsumos_delta1	0.00030425053366861	0.00102798770918601	0.000604297539244206
mv_mconsumosdolares_lag1	0.000303518212386537	0.000483502543240531	0.000660511263825063
cpagomiscuentas_delta1	0.000301015306813021	0.00157357610496748	0.000590244108098992
Visa_delinquency_mean6	0.000299412786368969	0.00354721571720836	0.00120859507848841
cextraccion_autoservicio	0.000296272117186298	0.000736602716308598	0.000541057099090743
mtarjeta_master_consumo_mean6	0.00029512235749315	0.000522393310159279	0.000709698272833312
Master_msaldototal_lag1	0.000288314229837776	0.000628053617399331	0.000604297539244206
cplazo_fijo_mean6	0.000277822694308014	0.00145759900338044	0.000386469356493388
mvr_mconsumototal_delta1	0.000276286733109267	0.000819739373734753	0.000611324254816814
Master_mpagosdolares_mean6	0.000275885399883992	0.00212382951997347	0.000653484548252456
Visa_status_mean6	0.000274795091369083	0.000294791669623683	0.000259988476186461
mv_mconsumosdolares	0.000272766064136839	0.00111888029623303	0.000674564694970277
Master_msaldopesos_lag1	0.000270541109419361	0.000249730982186919	0.000576190676953778
ctarjeta_debito_delta1	0.000268130408184745	0.00583044487902451	0.000688618126115491
mvr_msaldodolares2_delta1	0.000267760807674305	0.00330335800400566	0.000681591410542884
Visa_msaldodolares_mean6	0.000265797211191763	0.000465154699798324	0.000611324254816814
mv_status06_delta1	0.00025672866128363	0.000656795532596974	0.000210801467178212
Master_mlimitecompra_delta1	0.000255690623893954	0.0023944261090215	0.000519976952372922
catm_trx	0.000255067915584058	0.00102705595486994	0.000456736512219458
Master_Finiciomora_lag1	0.000253408310281868	0.00409696679187105	0.000555110530235957
Master_mconsumosdolares_mean6	0.00025224220773175	0.00025258024263131	0.000562137245808564
Visa_mpagosdolares	0.000244408647672146	0.000865290910312119	0.000449709796646851
mvr_msaldodolares_mean6	0.000244328269029016	0.000975270236291498	0.00111022106047191
mttarjeta_master_debitos_automaticos_mean6	0.000240221608881529	0.00122732920970515	0.00047781665893728
mv_mpagosdolares_mean6	0.00023966484521326	0.000684766124056059	0.000527003667945529
Visa_mfinanciacion_limite_delta1	0.000237081566164875	0.00175809402837948	0.00054808381466335
Visa_status_delta1	0.000230331377217754	0.00117122268734618	0.000400522787638602
cextraccion_autoservicio_delta1	0.000227972805656284	0.000884844623459089	0.000484843374509887
mv_mconsumototal_lag1	0.000226359109435538	0.000317883222856485	0.000463763227792065
mv_mconsumosdolares_delta1	0.000225056684897489	0.000404115959860767	0.000498896805655101
mv_msaldodolares_mean6	0.000223834465287533	0.000802108112767753	0.000822125721995025
Master_mfinanciacion_limite_delta1	0.0002169573620333	0.00105142132093804	0.000386469356493388
mv_mconsumototal_delta1	0.000215447854446588	0.000305229660830218	0.000372415925348174
mvr_msaldodolares_lag1	0.000211198434856747	0.00147573758793075	0.000723751703978526
ctarjeta_debito_lag1	0.000207452324417299	0.000262036014919625	0.000456736512219458
mcaja_ahorro_adicional	0.00020717101390481	0.00416269226903435	0.000519976952372922
mvr_mconsumosdolares_delta1	0.000206079508278724	0.000728980627589099	0.000569163961381171
ccheques_depositados_mean6	0.000205234245805155	0.00130272663508331	0.000344309063057746
Visa_mpagado	0.000199878566318409	0.000301778358054044	0.000386469356493388
ctarjeta_debito	0.000199510823609659	0.000168168768284188	0.000414576218783816
catm_trx_delta1	0.000199447615944025	0.00044794537794408	0.00042862964992903
mtarjeta_visa_descuentos_mean6	0.000196245656489831	0.000914386274300997	0.000414576218783816
tcallcenter_lag1	0.000195998433238189	0.000429085636750499	0.00030917548519471
mplazo_fijo_dolares_lag1	0.000193515104836934	0.00133737458220879	0.000323228916339924
matm_other_delta1	0.000192646955144652	0.000814474543479937	0.000442683081074244
thomebanking_lag1	0.000188965030084975	0.000140697021462729	0.00035836249420296
ccuenta_debitos_automaticos_delta1	0.000188834340099046	0.00201846552957199	0.000344309063057746
Master_cconsumos_lag1	0.000188011925472057	0.000425198672357373	0.000414576218783816
Visa_mlimitecompra_delta1	0.000187983028513245	0.00120438975685761	0.000393496072065995
mprestamos_prendarios	0.000186104133794001	0.00407583532543677	0.000505923521227708
ccajas_otras_mean6	0.000182225012657609	0.00103375595824652	0.000351335778630353
mforex_sell_lag1	0.000181904314975233	0.00019223037984206	0.000414576218783816
ctarjeta_master_trx_delta1	0.000178156643063402	0.000635991323715336	0.000330255631912531
mcheques_depositados_mean6	0.000177527084933846	0.00113548367097787	0.000379442640920781
mv_mconsumototal	0.000172375815474516	0.000370707166020683	0.000456736512219458
mtarjeta_master_consumo_delta1	0.000170300014362245	0.000605566598118316	0.000407549503211209
Visa_mpagado_delta1	0.000164523763092427	0.00065890727352046	0.000330255631912531
ccuenta_debitos_automaticos_lag1	0.000161916527003735	0.00182695124875648	0.000435656365501637
tcuentas_mean6	0.00016130949415014	0.00261734662777344	0.000407549503211209
Visa_msaldodolares_delta1	0.000161238673235969	0.00122773181087162	0.000365389209775567
mv_mpagado	0.000161085227732659	0.000849036213614271	0.000372415925348174
Visa_msaldodolares	0.000156332736187841	0.000785681531478052	0.000302148769622103
ccheques_depositados_delta1	0.000154098231985394	0.00230077284419946	0.000274041907331675
ccomisiones_mantenimiento_lag1	0.000152046135972815	6.50802591475892e-05	0.000252961760613854
mcheques_emitidos_mean6	0.000143820058466091	0.00175256099568493	0.000316202200767317
mvr_mpagado_lag1	0.000141845328013604	0.00137613054132887	0.000316202200767317
catm_trx_lag1	0.000141129788425443	0.00125343354059359	0.000505923521227708
Master_cconsumos	0.000139087132542981	0.000115115335761201	0.000281068622904282
mvr_mpagado	0.000137571440243711	0.000414814604270308	0.000316202200767317
mttarjeta_master_debitos_automaticos	0.000136822198336132	0.00131479526142259	0.000337282347485139
Visa_mpagosdolares_delta1	0.000136221584971211	0.000455592308486893	0.000267015191759068
Visa_delinquency_lag1	0.000135963718723253	0.000277706333755861	0.00018972132046039
matm_other	0.000134792956635276	0.00139301625008958	0.000351335778630353
mv_status06	0.00013346003293331	0.000119660422530359	9.13473024438917e-05
Master_mconsumototal	0.000131605745863768	0.000291943785148548	0.000274041907331675
matm_other_lag1	0.000131367289733508	0.000302726921508044	0.000267015191759068
Master_mconsumototal_lag1	0.000130642341394651	0.000693317103588041	0.000330255631912531
tpaquete9	0.00013024255111175	0.00183551252946369	0.000252961760613854
cseguro_vida_mean6	0.000124405663519978	0.000487300292762204	0.000295122054049496
Visa_msaldodolares_lag1	0.000123402799320009	0.000532181992630689	0.000252961760613854
mforex_buy_mean6	0.000122064856975661	0.00138188369191593	0.000323228916339924
mvr_msaldodolares2_lag1	0.000119584581344859	0.000805548035906301	0.000414576218783816
Master_mconsumototal_delta1	0.000116833517517862	0.000390822200247147	0.000252961760613854
ccheques_depositados_lag1	0.000115810540113855	0.000667749735404441	0.000112427449161713
Master_delinquency_mean6	0.000112692912022416	0.000158066587952692	0.000245935045041247
Master_mpagado_mean6	0.000106212031565888	0.000432805811356853	0.000217828182750819
ccajas_trx_lag1	0.000105945665878127	0.000342481945872629	0.000288095338476889
ctarjeta_master_trx_lag1	0.000104544367467816	0.000197026562406152	0.000210801467178212
cliente_vip	0.000101562040952169	0.000137952297493393	0.000105400733589106
mv_mfinanciacion_limite_delta1	9.65037729360649e-05	0.000990007685160919	0.000217828182750819
Visa_madelantopesos	9.40820775628642e-05	0.000240774389231455	7.72938712986776e-05
mttarjeta_master_debitos_automaticos_lag1	8.9969393546497e-05	0.000317647969302167	0.000224854898323426
mv_status01_delta1	8.71852459278672e-05	0.000274305123698256	0.000112427449161713
Visa_status	8.53219624249593e-05	0.000338444294251855	0.000147561027024748
active_quarter_mean6	8.36418066006441e-05	0.000149341566904079	0.00018972132046039
mdescubierto_preacordado_lag1	8.23944909945885e-05	6.35086047510345e-05	0.000105400733589106
Visa_mpagosdolares_lag1	8.16991843513487e-05	0.000145194879016903	0.000182694604887783
Master_Finiciomora_mean6	7.99590596434405e-05	0.000392034503537888	0.000140534311452141
mvr_mpagosdolares	7.99062842468e-05	0.00044416440037198	0.000203774751605605
mv_mlimitecompra_delta1	7.95429502241199e-05	0.000188423519172614	0.000133507595879534
mprestamos_prendarios_mean6	7.81718735258459e-05	0.001768947339171	0.000224854898323426
catm_trx_other_delta1	7.76627046243592e-05	0.000147508887420936	0.00018972132046039
mv_mpagado_delta1	7.75285806821177e-05	0.000409565653444466	0.000203774751605605
catm_trx_other_lag1	7.73898987552506e-05	0.000498865054035494	0.000203774751605605
ccheques_emitidos_mean6	7.63965995964407e-05	0.00101657188728753	0.000175667889315176
mttarjeta_master_debitos_automaticos_delta1	7.50977950693865e-05	0.000516114613693369	0.000231881613896033
mvr_mpagado_delta1	7.50790638560019e-05	0.000812473437922258	0.000259988476186461
ccajas_consultas	7.30151620663837e-05	0.000581169993829286	0.000154587742597355
cplazo_fijo_lag1	7.18721020053353e-05	0.000466979755668025	0.000126480880306927
active_quarter	6.88365367725259e-05	5.86735231642082e-05	0.000133507595879534
Master_status_delta1	6.8786144723549e-05	2.96751570480416e-05	9.13473024438917e-05
cseguro_vivienda_mean6	6.8752245401659e-05	0.000116719120899288	0.000133507595879534
ctarjeta_master_descuentos_mean6	6.82639460329217e-05	0.00113045874282215	0.000196748036032997
Visa_mpagado_lag1	6.74278701746902e-05	0.000168730944695922	0.000175667889315176
ccajas_extracciones	6.61329147892878e-05	0.000359062077893563	0.00023890832946864
mv_status05_mean6	6.41119508664809e-05	5.56397340861586e-05	0.000126480880306927
mvr_mpagosdolares_lag1	6.3830447304781e-05	0.000113364991303234	0.000126480880306927
ctarjeta_master_trx	6.37365381013357e-05	8.97793535426614e-05	0.000133507595879534
Master_msaldodolares_mean6	6.29134682447985e-05	4.01780419397305e-05	9.83740180164987e-05
mv_msaldodolares	6.290848044089e-05	0.000262019763607067	0.000168641173742569
mv_mpagado_lag1	6.24701351667999e-05	0.000199873405607256	0.000154587742597355
mcaja_ahorro_adicional_lag1	6.20711778467882e-05	0.000775248672264956	0.000133507595879534
mcheques_depositados_delta1	6.19142707516677e-05	0.00114540760750825	0.000154587742597355
mvr_msaldodolares2	6.08695542165794e-05	0.000709498502031769	0.000168641173742569
mv_mpagosdolares_delta1	6.05493620744146e-05	0.000343107937507128	0.000126480880306927
ccajas_depositos_lag1	5.98558859239526e-05	0.000571467551160668	0.000140534311452141
ccajas_trx	5.96768108594336e-05	0.000167608005030067	0.000252961760613854
mv_madelantopesos_mean6	5.7990042325121e-05	0.000200637031355655	6.32404401534635e-05
ccajas_extracciones_delta1	5.59474688610292e-05	0.000322812056294471	0.000154587742597355
mvr_Master_mlimitecompra_delta1	5.29361180133073e-05	0.000166203995752524	9.83740180164987e-05
mvr_msaldodolares	5.14295490925066e-05	0.000314415594391038	0.000210801467178212
ccajas_consultas_lag1	4.93579173871332e-05	0.00098291634869043	0.000168641173742569
Master_mconsumosdolares_lag1	4.8302994022718e-05	2.13720379238271e-05	0.000105400733589106
mv_msaldodolares_lag1	4.78036811363349e-05	0.000301774973913443	0.000203774751605605
Master_mconsumosdolares	4.72396557701122e-05	4.8540327741928e-05	0.000105400733589106
thomebanking_delta1	4.63471144422338e-05	4.88691843939732e-05	7.02671557260705e-05
Master_mpagado_lag1	4.53178530845652e-05	3.24784898699876e-05	6.32404401534635e-05
cpayroll_trx_delta1	4.52069716530318e-05	0.000174166060443186	0.000224854898323426
mforex_sell	4.50714475843388e-05	0.000102957420173751	0.000231881613896033
ccajas_extracciones_lag1	4.4931270145658e-05	0.000507364713633084	0.000126480880306927
mforex_sell_delta1	4.45670747779936e-05	0.000132501451070587	9.83740180164987e-05
cliente_edad_delta1	4.33380671317779e-05	9.27966681780043e-05	8.43205868712846e-05
cseguro_accidentes_personales	4.31320724013299e-05	9.65519857829091e-05	9.13473024438917e-05
mvr_mpagosdolares_delta1	4.2392095819553e-05	0.00014215562325019	9.83740180164987e-05
mcaja_ahorro_adicional_mean6	4.20510137130649e-05	0.000988685713401685	0.000140534311452141
mvr_msaldodolares_delta1	3.98632164681536e-05	0.000452079793673032	0.000154587742597355
mv_status03_mean6	3.83951915507251e-05	1.84113611581059e-05	9.83740180164987e-05
tcuentas_lag1	3.80939498970552e-05	0.00100254960773571	0.000133507595879534
Master_delinquency	3.76525303662974e-05	1.20344130496869e-05	2.81068622904282e-05
Master_mpagado_delta1	3.56014365541662e-05	0.000187450522967242	7.72938712986776e-05
Master_mconsumosdolares_delta1	3.55183487544155e-05	2.62606707465399e-05	8.43205868712846e-05
Master_mpagosdolares_delta1	3.47721417216665e-05	2.15440712691127e-05	7.72938712986776e-05
mv_mpagosdolares	3.32585711661342e-05	0.000121919801236115	7.02671557260705e-05
Master_msaldodolares	3.18777058630085e-05	6.38173796896222e-05	5.62137245808564e-05
mv_status02_delta1	3.17331562500712e-05	7.32582022579188e-05	3.51335778630353e-05
cforex_lag1	3.16956202113356e-05	3.97751432664005e-05	7.72938712986776e-05
Master_delinquency_delta1	3.12381694456174e-05	0.000417587777333709	7.02671557260705e-05
mv_status03	3.1129649966019e-05	5.35638799283885e-06	2.10801467178212e-05
mcheques_emitidos_lag1	3.10576449520672e-05	1.93994930252881e-05	4.21602934356423e-05
mv_status07_mean6	3.10444905424541e-05	2.21891405313965e-05	5.62137245808564e-05
Master_msaldodolares_delta1	3.0818291315019e-05	3.41949929219439e-05	3.51335778630353e-05
cseguro_vivienda_lag1	2.98573749747282e-05	6.57547072128941e-05	5.62137245808564e-05
cforex_delta1	2.96298539515249e-05	0.000422753500613777	8.43205868712846e-05
ctarjeta_visa_mean6	2.94482382084958e-05	6.4883012095407e-05	2.81068622904282e-05
Master_status_lag1	2.82766289304141e-05	0.000530294200000613	6.32404401534635e-05
Master_mpagosdolares	2.80915052938294e-05	4.30283808465103e-05	0.000112427449161713
mv_status04_mean6	2.72132439578454e-05	4.05264596682176e-05	9.13473024438917e-05
cseguro_vida	2.66581560512685e-05	5.36777878697222e-05	4.21602934356423e-05
Master_mpagado	2.63391909362248e-05	6.40672482687347e-05	7.02671557260705e-05
ccajas_otras	2.56153485940668e-05	0.00048450714955042	8.43205868712846e-05
Master_msaldodolares_lag1	2.54768886324912e-05	2.73261172105334e-05	6.32404401534635e-05
active_quarter_lag1	2.49925674111896e-05	1.84750276274377e-05	4.21602934356423e-05
minversion1_pesos_lag1	2.49707539475188e-05	0.000473991955312149	5.62137245808564e-05
ccajas_trx_delta1	2.48802172278619e-05	2.77617416391274e-05	4.21602934356423e-05
Visa_delinquency_delta1	2.43576841556811e-05	3.29685208667081e-05	2.81068622904282e-05
ctarjeta_master_mean6	2.33549848132195e-05	1.68745522532358e-05	4.21602934356423e-05
mv_status05	2.33258789260398e-05	2.30683848856093e-05	2.81068622904282e-05
cprestamos_prendarios_mean6	2.20271803034353e-05	0.000437485482794534	6.32404401534635e-05
cseguro_accidentes_personales_lag1	2.15007914896075e-05	3.0484375723661e-05	4.91870090082494e-05
cforex_buy_mean6	2.14004612649601e-05	5.62968895648751e-05	4.21602934356423e-05
ctarjeta_master_debitos_automaticos_lag1	2.05955586642818e-05	1.54459614708864e-05	2.10801467178212e-05
cseguro_vida_lag1	2.05855390691737e-05	5.65609640968408e-05	3.51335778630353e-05
Master_cadelantosefectivo_mean6	2.0428379002663e-05	1.84306247276818e-05	9.13473024438917e-05
mtarjeta_visa_descuentos	2.03039513407025e-05	0.00014980686764256	9.13473024438917e-05
catm_trx_other	2.00575587694756e-05	6.02099973738541e-05	6.32404401534635e-05
minversion2_delta1	1.99645664118831e-05	7.53376636864397e-06	4.21602934356423e-05
cforex_sell_lag1	1.97264742105241e-05	2.46803514625119e-05	4.21602934356423e-05
ctarjeta_master_debitos_automaticos	1.94203117577008e-05	8.12775370202927e-05	5.62137245808564e-05
ccajas_consultas_delta1	1.92843949233094e-05	0.000136112254715315	5.62137245808564e-05
cforex_sell	1.80035389549383e-05	1.35950596921982e-05	4.21602934356423e-05
mv_mpagosdolares_lag1	1.77843569624351e-05	7.10203556115918e-05	5.62137245808564e-05
minversion2	1.76107175828686e-05	0.000764048765974502	9.83740180164987e-05
mcheques_depositados_lag1	1.75486506361369e-05	0.000357962380951617	4.21602934356423e-05
mcheques_emitidos_rechazados_lag1	1.73744024876026e-05	1.14667699492891e-05	2.10801467178212e-05
ctarjeta_master_debitos_automaticos_delta1	1.67136892012958e-05	5.61799321781645e-05	3.51335778630353e-05
cforex	1.61746758558688e-05	2.13802937393596e-05	2.81068622904282e-05
mtarjeta_visa_descuentos_delta1	1.59821980316862e-05	0.000170056784044414	4.91870090082494e-05
mv_cadelantosefectivo_mean6	1.56726872905264e-05	5.91796939084112e-05	2.10801467178212e-05
Master_delinquency_lag1	1.55819735798155e-05	4.51946399031973e-06	2.10801467178212e-05
tcallcenter_delta1	1.52815495800454e-05	5.59344518253261e-05	4.91870090082494e-05
mcheques_depositados	1.50712469439947e-05	5.62060384056592e-05	2.81068622904282e-05
Master_mpagosdolares_lag1	1.4083917138957e-05	1.52618047208098e-05	5.62137245808564e-05
mv_status02_lag1	1.3931287938125e-05	0.000124924434641293	2.81068622904282e-05
mv_msaldodolares_delta1	1.34539891160866e-05	9.80646222549137e-05	7.72938712986776e-05
mv_status01_lag1	1.19868733349216e-05	2.91021216356969e-06	2.10801467178212e-05
ccajas_depositos	1.1824123614033e-05	1.72388865990558e-05	3.51335778630353e-05
minversion2_mean6	1.17109681148976e-05	0.000302103607435339	3.51335778630353e-05
cinversion2	1.13456006242203e-05	0.000493407699649994	5.62137245808564e-05
tpaquete9_mean6	1.12343158897141e-05	2.66119519786126e-05	3.51335778630353e-05
ctarjeta_visa_delta1	1.10089938542347e-05	2.76049555207261e-05	1.40534311452141e-05
ccaja_ahorro_delta1	1.08724001291807e-05	0.000415526501012375	4.91870090082494e-05
ctarjeta_visa_descuentos_delta1	1.07954555272194e-05	0.000186845728696948	3.51335778630353e-05
Master_madelantopesos_delta1	1.03635063453131e-05	1.89872600740362e-06	1.40534311452141e-05
tpaquete7	1.01699145610283e-05	9.33333705643343e-05	2.10801467178212e-05
Visa_cadelantosefectivo_mean6	9.72110588167747e-06	3.34475812977435e-06	2.10801467178212e-05
mv_status07_lag1	9.48269020605034e-06	6.31967803670699e-06	1.40534311452141e-05
cseguro_vivienda	7.850928281156e-06	1.23398782243899e-05	1.40534311452141e-05
minversion1_pesos_mean6	7.52730528316598e-06	5.85216087207383e-05	1.40534311452141e-05
mcajeros_propios_descuentos_mean6	7.01845621035009e-06	0.000192401929738688	5.62137245808564e-05
Master_cadelantosefectivo_delta1	6.86721903552999e-06	1.02602680424361e-06	7.02671557260705e-06
mvr_Visa_mlimitecompra_delta1	6.86258269040233e-06	8.53485094100623e-05	2.81068622904282e-05
ccajeros_propios_descuentos_mean6	6.71252655888072e-06	2.49192494759393e-05	2.81068622904282e-05
ctarjeta_visa	6.6745475378446e-06	1.69314876297235e-06	7.02671557260705e-06
mcaja_ahorro_adicional_delta1	6.62390686788009e-06	0.000270644450465109	3.51335778630353e-05
mv_status03_delta1	6.60337108686986e-06	3.87597523326177e-05	1.40534311452141e-05
Master_cadelantosefectivo	6.42103956545001e-06	1.27624867275949e-05	1.40534311452141e-05
cseguro_auto_mean6	6.300590576242e-06	0.000213431128187767	2.81068622904282e-05
cforex_sell_delta1	6.25677936461676e-06	1.53598332331689e-05	1.40534311452141e-05
Visa_madelantopesos_mean6	6.23207563312632e-06	1.49763096944895e-05	1.40534311452141e-05
mv_status04_lag1	5.70039190204973e-06	4.26680628433818e-06	1.40534311452141e-05
mpagodeservicios_mean6	4.93156466942049e-06	0.000182556683774373	4.21602934356423e-05
mtarjeta_master_descuentos_mean6	4.69704771950535e-06	4.09514482263508e-06	7.02671557260705e-06
Visa_madelantopesos_lag1	4.66293298686968e-06	6.91205139534405e-06	1.40534311452141e-05
cplazo_fijo_delta1	4.63303295952542e-06	3.29237088950114e-05	7.02671557260705e-06
cinversion2_mean6	4.55440129762353e-06	0.000254853343841262	3.51335778630353e-05
mv_status05_lag1	4.32945384025634e-06	1.11524167569632e-06	7.02671557260705e-06
tpaquete9_lag1	4.31180005706434e-06	8.20754504350028e-06	7.02671557260705e-06
mvr_madelantopesos_mean6	4.30399604091975e-06	2.13431425694633e-05	7.02671557260705e-06
ccajas_depositos_delta1	4.18618360305076e-06	8.43166440335728e-05	2.81068622904282e-05
mcheques_emitidos_delta1	3.85801010189666e-06	3.22385877708874e-06	7.02671557260705e-06
cinversion2_lag1	3.81810233094239e-06	1.25347080332856e-06	7.02671557260705e-06
ccajas_otras_delta1	3.68041787735444e-06	2.96301963229118e-06	7.02671557260705e-06
mcheques_emitidos_rechazados_mean6	3.57558786028e-06	4.47461483026472e-05	7.02671557260705e-06
mcheques_depositados_rechazados_mean6	3.16345566046189e-06	1.36931625812738e-05	1.40534311452141e-05
Master_madelantodolares_mean6	2.98823438876405e-06	1.1211546246588e-05	4.21602934356423e-05
Visa_cadelantosefectivo_lag1	2.76510740411546e-06	1.14343045125329e-06	7.02671557260705e-06
cinversion1_mean6	2.62966947077341e-06	7.67062324585661e-05	2.81068622904282e-05
Master_madelantopesos_mean6	2.56528435847447e-06	7.26095257248844e-06	4.21602934356423e-05
ctarjeta_visa_lag1	2.49009286975638e-06	0.00012139429254562	1.40534311452141e-05
Master_madelantopesos	2.47573184949346e-06	2.79080034521426e-06	1.40534311452141e-05
minversion2_lag1	2.42804693175857e-06	1.10202121433682e-05	2.10801467178212e-05
Master_madelantopesos_lag1	1.83085914856614e-06	1.31286061146111e-06	7.02671557260705e-06
ccheques_emitidos_lag1	1.82413023260635e-06	5.45812418451588e-05	7.02671557260705e-06
mcheques_depositados_rechazados_delta1	1.53958409834115e-06	3.6108408330858e-06	7.02671557260705e-06
tpaquete7_lag1	1.49692157037793e-06	1.44499828601125e-05	7.02671557260705e-06
cpagodeservicios_mean6	1.13173595461376e-06	1.70156448844536e-05	2.10801467178212e-05
mpayroll2_mean6	6.30748222238724e-07	1.10361659490594e-05	1.40534311452141e-05
cinversion1_lag1	1.81412379135878e-07	1.14018390757766e-05	7.02671557260705e-06
mtarjeta_visa_descuentos_lag1	1.15037638723225e-07	1.44471193565269e-05	1.40534311452141e-05
Visa_madelantopesos_delta1	3.3631978047398e-12	2.76309501831461e-06	7.02671557260705e-06
Visa_cadelantosefectivo_delta1	2.58038132544659e-12	6.76255419516068e-06	7.02671557260705e-06
Master_cadelantosefectivo_lag1	5.60962590669981e-14	1.16209900709708e-06	7.02671557260705e-06
