Feature	Gain	Cover	Frequency
ctrx_quarter_normalizado	0.244362047565177	0.0174396338107619	0.00715962441314554
mcuentas_saldo	0.0802806234302941	0.0111789779593604	0.0144366197183099
ctrx_quarter	0.0308217272063926	0.00630750471439088	0.00586854460093897
mtarjeta_visa_consumo	0.0202937462619085	0.0173537169731558	0.0131455399061033
mcaja_ahorro	0.0198617145296999	0.00844400779774925	0.0124413145539906
mpayroll_sobre_edad	0.017219973215252	0.0122081379777066	0.00316901408450704
foto_mes	0.0170866745347594	0.0194061714170749	0.0154929577464789
mprestamos_personales	0.0170406707460613	0.00791423167106559	0.00481220657276995
mpasivos_margen	0.0163170878841751	0.00661186598651049	0.00586854460093897
mv_Finiciomora_mean6	0.0160960416691437	0.00514268577398874	0.00234741784037559
cpayroll_trx	0.0156150778512288	0.0129908404010041	0.00434272300469484
mpayroll	0.0151119872821368	0.0109458934186954	0.00375586854460094
mv_Finiciomora_lag1	0.0105850201919838	0.007766782691672	0.00258215962441315
mcaja_ahorro_mean6	0.00991425620319529	0.00344324555850637	0.00586854460093897
mv_status07	0.00912040792894521	0.000160743538055935	0.000117370892018779
mprestamos_personales_mean6	0.00825924885946922	0.00250431833417511	0.00199530516431925
Visa_Finiciomora	0.00762528528571263	0.005770104036646	0.00117370892018779
mv_Finiciomora	0.00751303331264472	0.00588786789664107	0.00129107981220657
mactivos_margen	0.00741825945054818	0.0071497193229148	0.0107981220657277
cliente_vip_lag1	0.00677664537127183	0.00431424847281309	0.00187793427230047
mv_Finiciomora_delta1	0.00620788770962251	0.00527601141072938	0.00140845070422535
mdescubierto_preacordado	0.00614798389373622	0.000754646090115759	0.000821596244131455
mprestamos_personales_delta1	0.00533162258007606	0.00653148505964837	0.00305164319248826
mrentabilidad_annual_delta1	0.00512233031502263	0.00659192480264799	0.0102112676056338
mrentabilidad_mean6	0.00492923763754343	0.00151476791092245	0.00375586854460094
mactivos_margen_mean6	0.00483668712981545	0.00327143019896259	0.00645539906103286
ctarjeta_visa_trx	0.00466612158802212	0.00494520950902453	0.00575117370892019
ctrx_quarter_normalizado_mean6	0.00425105521100516	0.000618045219404326	0.00117370892018779
mv_msaldototal	0.00424466692235438	0.00221880584713006	0.00176056338028169
ctrx_quarter_normalizado_delta1	0.00419172256034937	0.00301196586289634	0.00446009389671362
mcuenta_corriente	0.00403838574266027	0.00359824320976393	0.0073943661971831
ctrx_quarter_delta1	0.00386216471108878	0.00296084225375172	0.00669014084507042
mcuentas_saldo_delta1	0.00372080783858815	0.00663606556325292	0.00786384976525822
mactivos_margen_delta1	0.0036811804702194	0.00229601227619704	0.00727699530516432
cliente_edad_mean6	0.00357878031133312	0.00730756375233112	0.0103286384976526
cprestamos_personales_mean6	0.00347803057787468	0.00209506584622084	0.00223004694835681
mcuenta_corriente_mean6	0.00342570666731339	0.00601519384375118	0.00715962441314554
chomebanking_trx_mean6	0.00342482788495959	0.00227244066522492	0.00622065727699531
thomebanking_mean6	0.00341992470783455	0.000946957990750151	0.00269953051643193
mv_mpagospesos	0.00332567859612851	0.00300767999651395	0.0034037558685446
ccaja_ahorro	0.00326779838722042	0.00618928165442627	0.0028169014084507
mcuenta_corriente_delta1	0.00317036741091597	0.00830746121991171	0.00633802816901409
cliente_edad_lag1	0.00313134252494282	0.00834696615404351	0.00903755868544601
mtarjeta_visa_debitos_automaticos_mean6	0.00294826309097271	0.00186691279924582	0.00363849765258216
ctransferencias_recibidas_mean6	0.00269510296857893	0.00397135692176768	0.00528169014084507
cprestamos_personales_delta1	0.00258119859794044	0.00323186115999174	0.00117370892018779
cliente_edad	0.00253435766058554	0.00467153940979797	0.00657276995305164
mcomisiones_mean6	0.00252230526712723	0.000958691792820858	0.00211267605633803
mrentabilidad_delta1	0.00246905273427229	0.00276614931623823	0.00633802816901409
mtransferencias_emitidas_mean6	0.0024156400275927	0.00390683801778507	0.00551643192488263
mrentabilidad	0.00241197374383499	0.00234570987973824	0.00516431924882629
chomebanking_trx_delta1	0.00240211404781923	0.00656689186299786	0.00469483568075117
mrentabilidad_annual_lag1	0.00235259074482789	0.00289785794112032	0.00610328638497653
mcuenta_debitos_automaticos	0.00231925626524067	0.0100187928830384	0.00352112676056338
Master_fultimo_cierre_mean6	0.00227983195598265	0.00171606822577546	0.00481220657276995
mcuentas_saldo_lag1	0.002253775328011	0.00583374902159826	0.00539906103286385
Visa_msaldototal	0.00219491683804491	0.00117340702644219	0.00211267605633803
cproductos	0.00214286057307524	0.0127135248296547	0.00692488262910798
mpasivos_margen_delta1	0.00214222873293166	0.00304442907669749	0.00469483568075117
mrentabilidad_annual_mean6	0.00213480316832659	0.00226207465109767	0.00363849765258216
mcuenta_corriente_lag1	0.00212707932473649	0.00202208510348326	0.00446009389671362
ccomisiones_otras_mean6	0.00212074242302086	0.00633439342371848	0.00516431924882629
mcomisiones_otras_mean6	0.00209965634532869	0.00265824321057506	0.0028169014084507
mautoservicio	0.00208768415291116	0.00631659321065414	0.00199530516431925
mv_mpagominimo	0.00206652727024563	0.0054808865515561	0.00387323943661972
Master_Fvencimiento	0.00205397338080152	0.00184820988538666	0.00504694835680751
ccomisiones_mantenimiento_mean6	0.00200353135044582	0.00580549579498225	0.00387323943661972
Visa_mconsumospesos_delta1	0.00197344515113828	0.00113906514837818	0.00352112676056338
mcaja_ahorro_dolares_delta1	0.0019616601421903	0.00625522329335725	0.00328638497652582
mv_fultimo_cierre_mean6	0.00193415909719111	0.00140486539741449	0.00387323943661972
mcaja_ahorro_lag1	0.00192345103782601	0.00384320676958404	0.00575117370892019
mtransferencias_recibidas	0.00191614136724889	0.00285004488902107	0.00328638497652582
mtransferencias_emitidas_delta1	0.00189124454546325	0.00884691259837527	0.00715962441314554
Visa_mpagospesos_mean6	0.00183701029591641	0.00350128267830353	0.00410798122065728
cpayroll_trx_mean6	0.00183021383043829	0.000783019022706736	0.00129107981220657
mcaja_ahorro_delta1	0.00181121265152025	0.00576385316070734	0.00528169014084507
Visa_mpagospesos_delta1	0.00178955286836083	0.00251750496122067	0.00410798122065728
numero_de_cliente	0.00177639149786304	0.00326769707328428	0.00516431924882629
mv_fechaalta_lag1	0.00172029942577765	0.00121899668723592	0.00269953051643193
Master_fechaalta	0.00171689372050974	0.005550720270001	0.00528169014084507
Visa_fechaalta	0.00170870779830375	0.00166710651962135	0.00446009389671362
mrentabilidad_annual	0.001703658358373	0.00125784225730889	0.00328638497652582
mpayroll_mean6	0.00168566473503622	0.00506091351046677	0.00492957746478873
mcomisiones_mantenimiento_mean6	0.00168557540008544	0.00129380245549347	0.0034037558685446
Visa_mfinanciacion_limite	0.00168501978048996	0.00111666704843933	0.0028169014084507
ccallcenter_trx_mean6	0.00167366869912232	0.00289439758807348	0.00375586854460094
mtransferencias_recibidas_lag1	0.00165905361108489	0.00744733585018264	0.00375586854460094
cproductos_mean6	0.00164965865243527	0.00201659825256515	0.00528169014084507
chomebanking_trx_lag1	0.00164633171247988	0.00176226034123008	0.00446009389671362
mdescubierto_preacordado_delta1	0.00161334694669136	0.00390507317231809	0.000821596244131455
Visa_mpagominimo	0.0015994495401674	0.00202170636162804	0.00293427230046948
Master_Fvencimiento_mean6	0.00159887377740109	0.00144221169921084	0.00410798122065728
cliente_antiguedad	0.00158506088246629	0.00321946276081412	0.00352112676056338
mcomisiones_otras	0.00155593594613357	0.00307357977106024	0.0028169014084507
mvr_mpagominimo_lag1	0.00154836238847666	0.00349734088483279	0.00492957746478873
mcomisiones_mantenimiento	0.00153909044162974	0.00376507932405393	0.00246478873239437
cmobile_app_trx_mean6	0.00152795093752725	0.0017138664207933	0.0039906103286385
ctarjeta_visa_debitos_automaticos_mean6	0.00152628935821555	0.00633945116469354	0.00363849765258216
mvr_msaldopesos2	0.00151098799329689	0.00129686117209971	0.00375586854460094
mpagomiscuentas	0.00149656797864875	0.00462231735950159	0.00187793427230047
mpasivos_margen_lag1	0.00148705347692779	0.00312495849129905	0.0034037558685446
Visa_Fvencimiento	0.00148696083400398	0.00163054517503789	0.00352112676056338
Visa_mpagospesos_lag1	0.00148439811493065	0.00217521324831212	0.00434272300469484
mv_Fvencimiento	0.00147578847961909	0.00118801573430511	0.00352112676056338
chomebanking_trx	0.0014579030006137	0.00221936316675121	0.00316901408450704
Visa_Finiciomora_mean6	0.00145493310264149	0.00121036542854916	0.000938967136150235
Visa_cconsumos_mean6	0.00143871431012436	0.00236986301317891	0.00293427230046948
ctarjeta_visa_trx_lag1	0.00143856756373582	0.00267426287902815	0.00363849765258216
mcaja_ahorro_dolares_mean6	0.00143730461109104	0.00133195006777798	0.00293427230046948
mactivos_margen_lag1	0.00142951298478133	0.00219615263609702	0.00375586854460094
mcomisiones_otras_delta1	0.00141464345346502	0.00148096111202523	0.00352112676056338
mrentabilidad_lag1	0.00139101041242492	0.00104487159109321	0.0034037558685446
Visa_fultimo_cierre	0.00138869103621299	0.000844604149106165	0.00305164319248826
ctrx_quarter_mean6	0.00138502400053401	0.000940998857242282	0.00164319248826291
ccomisiones_mantenimiento_delta1	0.00138075891017687	0.00257743775268697	0.00117370892018779
mtransferencias_recibidas_delta1	0.00137342367964442	0.00188415242203395	0.00293427230046948
Visa_cconsumos	0.00136689139579694	0.0011425555914515	0.00328638497652582
Master_fechaalta_mean6	0.00136390723980439	0.00185419518413496	0.00469483568075117
Visa_mpagominimo_mean6	0.00135120918358503	0.00172301248058551	0.00258215962441315
mv_status01_mean6	0.00132589845570701	0.00274654828050132	0.00105633802816901
mv_cconsumos_mean6	0.00132015109377025	0.00116932786545919	0.00246478873239437
mtransferencias_emitidas_lag1	0.00130786572905067	0.00208098829273864	0.00446009389671362
Visa_fechaalta_mean6	0.00129188869274291	0.00140137037542409	0.00293427230046948
internet_mean6	0.00126816754478696	0.00120235232366756	0.00246478873239437
mcomisiones_delta1	0.0012399944933269	0.000883967136808635	0.00293427230046948
cproductos_lag1	0.00121998770108646	0.00133901337443198	0.0028169014084507
mvr_mpagominimo_delta1	0.00121654583872732	0.00327141515394935	0.00246478873239437
mvr_msaldototal	0.00121640410947391	0.00077902555288615	0.00164319248826291
mv_mpagominimo_mean6	0.0012084245774365	0.00173535004557913	0.00305164319248826
mpasivos_margen_mean6	0.00120122670493679	0.00187543547218479	0.00316901408450704
Visa_Fvencimiento_mean6	0.00119824544188774	0.000605530384906791	0.00305164319248826
mv_Fvencimiento_mean6	0.00118765857476955	0.00100389747871128	0.0028169014084507
mcuentas_saldo_mean6	0.00117183562827888	0.00201941232417336	0.00305164319248826
mcomisiones_lag1	0.00117064457952676	0.00185817557133533	0.00269953051643193
Master_fechaalta_lag1	0.00116270789881549	0.000867345667825656	0.00258215962441315
mvr_mpagospesos_delta1	0.00115793154890392	0.00209381187707325	0.00234741784037559
Visa_cconsumos_lag1	0.00115672034789655	0.00177365399517521	0.0028169014084507
ctarjeta_debito_mean6	0.00115420599429121	0.00131294887017792	0.00328638497652582
Master_fultimo_cierre	0.00114255992821637	0.00175832312667642	0.00316901408450704
mpayroll_sobre_edad_delta1	0.00112804609117421	0.00644153877501616	0.00269953051643193
Master_Finiciomora	0.00112591248897141	0.000809311164552539	0.000117370892018779
Visa_Finiciomora_lag1	0.00110523912649571	0.00445916531106409	0.000938967136150235
Visa_fultimo_cierre_mean6	0.00110088868812378	0.00167537996864522	0.0034037558685446
ccallcenter_trx	0.00109398721798642	0.00734369075392345	0.00363849765258216
ctrx_quarter_normalizado_lag1	0.00108971944446125	0.00110897904667007	0.00234741784037559
mtarjeta_visa_debitos_automaticos_lag1	0.00108669268155824	0.00330179168982623	0.0028169014084507
Master_Fvencimiento_delta1	0.00108251736721146	0.000141301456154633	0.000469483568075117
tmobile_app_mean6	0.00108100108366605	0.0007050786586457	0.00258215962441315
ctarjeta_visa_trx_mean6	0.00107390711163437	0.0019043827318032	0.00223004694835681
mtransferencias_recibidas_mean6	0.00106894166401539	0.00217018494323254	0.00269953051643193
mcomisiones_mantenimiento_lag1	0.00106060341466253	0.00442767544420693	0.00223004694835681
mtarjeta_visa_consumo_lag1	0.00105928858762732	0.00148052153598601	0.00187793427230047
ctransferencias_emitidas_mean6	0.00105395163765342	0.00167741431608864	0.00234741784037559
ccaja_seguridad	0.0010522773613409	0.00292908811796622	0.000938967136150235
mv_fechaalta_mean6	0.00104691700113144	0.00123352951590159	0.00246478873239437
cprestamos_personales	0.00104195058198851	0.00131653743290286	0.000821596244131455
Master_fultimo_cierre_lag1	0.00103956526912778	0.00176999478630111	0.00305164319248826
ctrx_quarter_lag1	0.00103855967003191	0.00309269740398022	0.00387323943661972
mvr_msaldopesos2_mean6	0.00103175266964276	0.00132965014314421	0.00516431924882629
cmobile_app_trx_lag1	0.00101991624714605	0.00192450576408669	0.0028169014084507
Visa_mpagospesos	0.00101660323532956	0.00236651844132098	0.00481220657276995
mvr_mpagominimo	0.00101598491628233	0.00592810938229096	0.00481220657276995
mprestamos_personales_lag1	0.00101360269327277	0.000375569319818078	0.000821596244131455
mv_mpagospesos_mean6	0.00101100684075407	0.00193561225451809	0.00176056338028169
mpagomiscuentas_lag1	0.00100720953513034	0.00456133207123901	0.00234741784037559
cmobile_app_trx_delta1	0.00100578084397581	0.00349594889404193	0.00305164319248826
Master_Fvencimiento_lag1	0.00100023218958051	0.00142222341791556	0.00258215962441315
cextraccion_autoservicio_mean6	0.000999924820540992	0.00241560443236713	0.00234741784037559
cmobile_app_trx	0.000998645312816249	0.00211260767753593	0.00223004694835681
ccaja_ahorro_mean6	0.00099222630688542	0.00109691556256994	0.00140845070422535
ccajas_consultas_mean6	0.000990923462578646	0.00724052251917109	0.00246478873239437
mtarjeta_visa_consumo_delta1	0.00098726094997151	0.00238817344843163	0.00316901408450704
Visa_mconsumospesos_mean6	0.000984653750666176	0.00134389122937909	0.00223004694835681
matm_mean6	0.000981737413810587	0.00116155155600348	0.00234741784037559
tmobile_app_delta1	0.000977394951651255	0.000751550088041913	0.00176056338028169
mv_Fvencimiento_lag1	0.000972482977655619	0.00078401722662913	0.00234741784037559
Visa_delinquency	0.00097125993150414	0.001027261730153	0.000469483568075117
mv_fechaalta	0.000970324124715645	0.0012125109782644	0.00246478873239437
ccomisiones_otras_lag1	0.000960340813420448	0.00171946381985223	0.0028169014084507
mvr_mpagominimo_mean6	0.000959052785831764	0.00165304204875936	0.00375586854460094
mautoservicio_mean6	0.000946198444411047	0.000875999166966774	0.00258215962441315
ccajas_trx_mean6	0.000933346442144092	0.00365209323696133	0.00457746478873239
cliente_antiguedad_mean6	0.000924238639166424	0.00112696307054842	0.00293427230046948
Visa_mconsumosdolares_lag1	0.000887505083109424	0.000503891508457548	0.00176056338028169
Master_mlimitecompra_mean6	0.000881862685949387	0.000783792859692445	0.00211267605633803
ctarjeta_visa_trx_delta1	0.000880544720347101	0.00263611526674364	0.00187793427230047
mcaja_ahorro_dolares	0.000872488130956655	0.00124704255432152	0.00234741784037559
mtarjeta_master_consumo	0.000871542437790348	0.00256933634011891	0.00129107981220657
mvr_msaldopesos2_delta1	0.000861212664202817	0.00080403821447494	0.00234741784037559
mv_mpagospesos_lag1	0.000861211042675073	0.00123371594323966	0.00140845070422535
mcomisiones	0.000860741689688236	0.000636583946379793	0.00152582159624413
mvr_mconsumospesos	0.00085887625417875	0.00157916187588201	0.00234741784037559
mvr_mpagospesos_mean6	0.000840800534464869	0.00141549306394603	0.00176056338028169
mv_status07_delta1	0.00083904128473409	0.000480973374365158	0.000234741784037559
Visa_fultimo_cierre_lag1	0.000826859225494499	0.000811876012245662	0.00223004694835681
mvr_msaldopesos_lag1	0.000819834063720756	0.00139968925872648	0.00105633802816901
ctarjeta_debito_trx_mean6	0.000817911080117674	0.00171307688466333	0.00316901408450704
mvr_mconsumospesos_delta1	0.000814730364090897	0.00278200283541459	0.00211267605633803
cpagomiscuentas_mean6	0.000811383144072921	0.00175084248443757	0.00223004694835681
Visa_msaldototal_delta1	0.000809288624195157	0.00141214325904002	0.00187793427230047
mpayroll_sobre_edad_mean6	0.000809079862539029	0.00357752426412966	0.00305164319248826
Master_mfinanciacion_limite_lag1	0.000804592232598832	0.00382673444247151	0.00187793427230047
mplazo_fijo_dolares_delta1	0.000798548843800419	0.00689951617369864	0.00105633802816901
mv_fultimo_cierre	0.000797967049703697	0.000782223599397673	0.00187793427230047
mv_mconsumosdolares_mean6	0.000795729598540122	0.000829748833852193	0.00176056338028169
Master_mfinanciacion_limite	0.000794079908162456	0.00169459114229973	0.00223004694835681
ctransferencias_recibidas	0.000788808297550171	0.00335482536152222	0.00176056338028169
Visa_mpagominimo_lag1	0.00078092059462322	0.000725104225408586	0.00234741784037559
mvr_msaldopesos2_lag1	0.000771598768362749	0.00261352223576359	0.00375586854460094
mextraccion_autoservicio_mean6	0.00077092893432247	0.000921954486995511	0.00234741784037559
tcallcenter	0.000767354947939783	0.00162274924165186	0.00105633802816901
Visa_mlimitecompra_mean6	0.000761771256129824	0.000882218644616919	0.00199530516431925
Visa_mconsumospesos	0.000759986891272239	0.000812640691397221	0.00234741784037559
Visa_mconsumospesos_lag1	0.000756715097532757	0.000452226278836036	0.00140845070422535
Master_mfinanciacion_limite_mean6	0.000751773601785359	0.0010678806493961	0.00164319248826291
ccomisiones_otras_delta1	0.000747765445735542	0.0013173681792865	0.00211267605633803
internet	0.000746118969715461	0.000652988897998216	0.00129107981220657
mvr_Master_mlimitecompra	0.000745920979619039	0.000375414290768532	0.00117370892018779
mvr_msaldopesos	0.000743525271186565	0.000933096954632507	0.00152582159624413
mvr_mpagospesos_lag1	0.000742348351093505	0.000459287623097007	0.00152582159624413
Visa_msaldopesos	0.000739256888584163	0.00100465692481476	0.0028169014084507
cproductos_delta1	0.000735302911205838	0.00342960300214631	0.000704225352112676
mv_msaldototal_delta1	0.000727619724128987	0.00313585304328297	0.00187793427230047
mv_msaldototal_mean6	0.000722378721712995	0.00352973345248478	0.00176056338028169
mv_fultimo_cierre_lag1	0.000718645020233609	0.00115838556191148	0.00223004694835681
mcomisiones_otras_lag1	0.000715082062039054	0.000924132089130275	0.00152582159624413
mcuenta_debitos_automaticos_mean6	0.000714083416558006	0.000905738579239193	0.00187793427230047
mtarjeta_visa_debitos_automaticos_delta1	0.000710028274363473	0.00171025888826905	0.00164319248826291
mv_mfinanciacion_limite_mean6	0.000709394686811396	0.000461150588215603	0.00140845070422535
Visa_mlimitecompra_lag1	0.000709247992219284	0.000856729121521297	0.00164319248826291
Visa_msaldopesos_lag1	0.000706927895437103	0.000450789153005434	0.00176056338028169
Master_mpagominimo_mean6	0.000705550973246597	0.000933076676571174	0.00234741784037559
Visa_mconsumosdolares_mean6	0.000702815680840934	0.000631836917634831	0.00187793427230047
Visa_fechaalta_lag1	0.000699899233518816	0.00109100090997081	0.00258215962441315
internet_delta1	0.000697990924458575	0.000359373690123093	0.000938967136150235
mforex_sell_mean6	0.000687222622727465	0.00439039259311862	0.00199530516431925
Visa_mfinanciacion_limite_lag1	0.00067942427024741	0.000613831961564131	0.00164319248826291
thomebanking	0.000670276802438252	0.000676175225805011	0.000938967136150235
Visa_mpagado_mean6	0.000667967342513319	0.00140858282394854	0.00164319248826291
tcallcenter_mean6	0.000665648464531529	0.000637756149151044	0.00152582159624413
Visa_Fvencimiento_lag1	0.000665541631317272	0.000746168552216531	0.00176056338028169
mvr_mpagospesos	0.000661284865265853	0.00144804458543363	0.00199530516431925
mcaja_ahorro_dolares_lag1	0.000659619889578292	0.000762572849703943	0.00199530516431925
mv_mpagominimo_delta1	0.000658361052195234	0.00160186480087186	0.00129107981220657
Master_mlimitecompra_lag1	0.000655445507947383	0.000399943549540382	0.00164319248826291
mtarjeta_visa_debitos_automaticos	0.000647656821569996	0.000794515375220544	0.00152582159624413
mpayroll_delta1	0.000642154677624643	0.00310145360169002	0.00258215962441315
Visa_mlimitecompra	0.000640079797318576	0.000502102460143166	0.00129107981220657
Visa_mfinanciacion_limite_mean6	0.000638874224115024	0.000592435336202728	0.00140845070422535
mv_status05_delta1	0.000635718663513085	0.0019201773791886	0.000586854460093897
mplazo_fijo_dolares	0.0006355671213378	0.00511081847353837	0.00105633802816901
mvr_mconsumospesos_mean6	0.000631346816816605	0.000856944984754842	0.00129107981220657
Visa_msaldopesos_mean6	0.000626395321831046	0.000731098027860023	0.00223004694835681
ccomisiones_otras	0.000621161868386063	0.000629915734856279	0.00164319248826291
Visa_msaldototal_mean6	0.000620062096802805	0.000424462996347072	0.00140845070422535
mv_cconsumos_lag1	0.000613400474703567	0.00134123349508245	0.00164319248826291
mv_mpagospesos_delta1	0.000610765486407634	0.00337945470233871	0.00211267605633803
mv_mconsumospesos_mean6	0.000605531300947467	0.00286722236936318	0.00211267605633803
ctransferencias_emitidas_delta1	0.000603278749954213	0.00120066270326681	0.00140845070422535
mtransferencias_emitidas	0.000599617221244285	0.00240452018239009	0.00375586854460094
Master_mpagospesos	0.000593839115762927	0.00463921945068817	0.00293427230046948
mvr_mconsumosdolares_mean6	0.000589774777784704	0.000875311675274484	0.00187793427230047
Master_msaldototal	0.000586392857450099	0.00157298818740262	0.00117370892018779
cplazo_fijo	0.000586224719893847	0.0027668479281577	0.000469483568075117
ccomisiones_mantenimiento	0.000578573906439617	0.00266950015113893	0.00105633802816901
mvr_msaldopesos_mean6	0.00057707782185178	0.000240011788068779	0.00117370892018779
ccuenta_debitos_automaticos_mean6	0.000575672902379162	0.00223332036012743	0.00129107981220657
Master_cconsumos_mean6	0.000571564314365034	0.00122302613426209	0.00152582159624413
Master_mpagominimo_delta1	0.000566649019466605	0.00196371503100163	0.00187793427230047
Master_mconsumospesos_delta1	0.000553862898201821	0.000245574518184138	0.000821596244131455
Visa_mpagosdolares_mean6	0.0005486938715611	0.000967031963207831	0.000938967136150235
mv_cconsumos	0.000544113712748941	0.00215228006920649	0.00152582159624413
cliente_antiguedad_lag1	0.000536554460598083	0.000343471765251931	0.00140845070422535
mpagomiscuentas_mean6	0.000536250054761748	0.00140665837051494	0.00187793427230047
mtarjeta_visa_consumo_mean6	0.000534935934307641	0.00073689689927026	0.00129107981220657
Master_mpagominimo	0.000526386406036145	0.00215032814227043	0.00140845070422535
Master_msaldototal_mean6	0.000518207866030147	0.000673041284132541	0.00140845070422535
catm_trx_other_mean6	0.000516500593799132	0.0006861055886791	0.00129107981220657
ctarjeta_visa_debitos_automaticos_delta1	0.000515307682835955	0.00196416311074399	0.000704225352112676
Visa_msaldopesos_delta1	0.000512061378511874	0.000895430128640894	0.00164319248826291
ccaja_seguridad_lag1	0.00051198668980363	0.00216690185968962	0.000469483568075117
Master_mpagospesos_lag1	0.000509422106930764	0.00236686447662566	0.00152582159624413
ccallcenter_trx_delta1	0.000506647908924153	0.00122568190616571	0.000938967136150235
internet_lag1	0.000496551159693285	0.000370340196518199	0.000821596244131455
Master_mpagominimo_lag1	0.000495320018389907	0.00163566767498302	0.00105633802816901
mvr_Visa_mlimitecompra_mean6	0.000492119349374978	0.000683700348952598	0.00140845070422535
Visa_mconsumosdolares	0.000490815290183924	0.000578886974708219	0.00140845070422535
Master_mlimitecompra	0.000489873870288315	0.000470298610400843	0.00117370892018779
catm_trx_mean6	0.000479410789345196	0.000792084624384623	0.00164319248826291
mcomisiones_mantenimiento_delta1	0.000477287737465117	0.00138122444855523	0.000704225352112676
Visa_mpagominimo_delta1	0.000471416719501295	0.00108912682462503	0.00152582159624413
mvr_msaldototal_delta1	0.00046921176860741	0.003249351969088	0.00246478873239437
ccaja_ahorro_lag1	0.000467004237398779	0.000928234798829654	0.000938967136150235
mv_mpagominimo_lag1	0.00046093584583825	0.0014068081665164	0.00152582159624413
mextraccion_autoservicio_lag1	0.000460557233963214	0.00054478843338021	0.00164319248826291
Visa_Fvencimiento_delta1	0.000455103016199675	0.00037122196512068	0.000821596244131455
mautoservicio_lag1	0.000445718016300503	0.000859048670085392	0.00129107981220657
Master_mconsumospesos_mean6	0.00044405020034057	0.000622624136479527	0.00152582159624413
ccajas_depositos_mean6	0.000442273722970361	0.00503261253228698	0.00105633802816901
mv_mconsumospesos	0.000439805788520061	0.00141056026199402	0.00117370892018779
mautoservicio_delta1	0.000437305099207177	0.000939871789510772	0.00117370892018779
mvr_msaldototal_mean6	0.000437059663130124	0.000581147651481347	0.00176056338028169
mv_msaldopesos	0.000435448938623904	0.00150362478915444	0.00105633802816901
Master_delinquency	0.000427005334591676	2.81668813225924e-05	0.000117370892018779
Master_mlimitecompra_delta1	0.0004227297134627	0.0026884771458916	0.000704225352112676
ctransferencias_emitidas	0.000421990861738122	0.00102060725538071	0.00117370892018779
Visa_fultimo_cierre_delta1	0.000415560157987774	0.000291036623430774	0.000938967136150235
mv_cconsumos_delta1	0.000412176897665284	0.00141950157877986	0.00105633802816901
mvr_Visa_mlimitecompra	0.000411174765435799	0.000434481012776601	0.00140845070422535
mprestamos_hipotecarios_mean6	0.000407224198812942	0.00533505981706915	0.000586854460093897
mv_status01_delta1	0.000407179014219394	0.00130864795878228	0.000352112676056338
tmobile_app_lag1	0.000403758250049421	0.000201294427673914	0.000821596244131455
Master_fultimo_cierre_delta1	0.000402289776152626	0.000289968427490231	0.00105633802816901
ccaja_seguridad_mean6	0.00040030748978468	0.000259943159966118	0.000234741784037559
minversion1_pesos	0.000391038185456628	0.00515519406717617	0.000586854460093897
cforex_sell_mean6	0.000387753124254227	0.000159157270354883	0.000586854460093897
mvr_Visa_mlimitecompra_lag1	0.000382496395936265	0.000358277366549087	0.000938967136150235
ctarjeta_visa_descuentos_mean6	0.000381351103773534	0.00375943155690718	0.000704225352112676
Master_mpagospesos_delta1	0.000380503660092603	0.00421360387550017	0.00129107981220657
mcuenta_debitos_automaticos_delta1	0.000378842734309745	0.00238431472959925	0.000938967136150235
Visa_cconsumos_delta1	0.000378626641808194	0.000883840889523561	0.00117370892018779
cextraccion_autoservicio_delta1	0.000377288196220936	0.000463633669532383	0.00105633802816901
ctarjeta_debito_trx	0.000376247736838457	0.00154543226444406	0.000938967136150235
mv_msaldopesos_delta1	0.000375472835955477	0.00205689599348197	0.00129107981220657
mv_fultimo_cierre_delta1	0.000374447470820659	0.000201153789506604	0.000821596244131455
mvr_msaldopesos_delta1	0.000374336271913257	0.00114462526196949	0.00140845070422535
mvr_Master_mlimitecompra_lag1	0.000364812031025349	0.000415415056206475	0.000938967136150235
Visa_status_mean6	0.000362953600556249	0.000933599327248758	0.000586854460093897
mv_status06_delta1	0.000362846208188598	0.000762880291278992	0.000234741784037559
matm_other_mean6	0.000358422353977332	0.000410254616662724	0.000821596244131455
Master_status_mean6	0.000357415556482208	0.000400684679975554	0.000234741784037559
cseguro_accidentes_personales_mean6	0.000356459328593836	0.000909239488408689	0.000821596244131455
ctarjeta_debito_trx_lag1	0.00035260871542889	0.00138684147154448	0.00164319248826291
ctransferencias_emitidas_lag1	0.000350421517839052	0.00301026708466144	0.00152582159624413
Visa_mconsumototal	0.000345134372720422	0.000223731775473408	0.000821596244131455
Master_mpagospesos_mean6	0.00033947188664007	0.000702246925500194	0.00105633802816901
mv_msaldototal_lag1	0.000338727695459701	0.000477738042386023	0.00105633802816901
Master_fechaalta_delta1	0.000338394140842118	8.65487281624135e-05	0.000469483568075117
mv_msaldopesos_mean6	0.000336303351933595	0.00256017850596851	0.000938967136150235
ctarjeta_visa_debitos_automaticos	0.000330907499664874	0.00103366371035514	0.000821596244131455
mv_mpagado_mean6	0.000326394890398164	0.00110315270175738	0.00129107981220657
tmobile_app	0.000326389986218657	0.000362051048350064	0.000586854460093897
mextraccion_autoservicio	0.000321619203364968	0.000155047365214385	0.000586854460093897
mvr_Master_mlimitecompra_mean6	0.0003214262439628	0.000330962163802482	0.000938967136150235
Visa_status_delta1	0.000320949669103953	0.00232237179353695	0.000586854460093897
ctarjeta_debito_delta1	0.000320059610378707	0.00693072934313827	0.000821596244131455
mvr_mpagado_mean6	0.000318845085500928	0.000681265019199602	0.00117370892018779
mv_Fvencimiento_delta1	0.000312636370470978	0.000365952939829145	0.000586854460093897
cextraccion_autoservicio	0.000300913871638692	0.00280462530229013	0.000586854460093897
mvr_msaldodolares2_mean6	0.000295662508944423	0.000489329898027399	0.000821596244131455
ccuenta_debitos_automaticos	0.000290931577199263	0.000426826371688887	0.000469483568075117
mv_mlimitecompra_mean6	0.000288866439713053	0.00027875989262115	0.000704225352112676
Master_Finiciomora_lag1	0.000285640285127235	0.00310558509315388	0.000469483568075117
cextraccion_autoservicio_lag1	0.000281360295599315	0.000133962760345107	0.000704225352112676
Master_mconsumosdolares_mean6	0.000280351875219656	0.000184304028800876	0.000469483568075117
tpaquete7_mean6	0.000277605248679635	0.00292441893081153	0.000586854460093897
cplazo_fijo_mean6	0.000275915424235682	0.00138734646068477	0.000234741784037559
mv_status04_delta1	0.000270720056183114	0.00029022288445341	0.000117370892018779
Master_mpagosdolares_mean6	0.000269503271744064	0.00204560700049856	0.000821596244131455
mplazo_fijo_dolares_mean6	0.000269493710287162	0.00158991578969862	0.000704225352112676
mvr_mpagosdolares_mean6	0.000269436740719979	0.000596869036193544	0.000586854460093897
Master_msaldopesos	0.000269077330369233	0.00369447373101635	0.000586854460093897
cliente_vip	0.000266337236312072	7.228278494912e-05	0.000117370892018779
mvr_mconsumospesos_lag1	0.000262825876397198	0.000237130995097467	0.000586854460093897
mtarjeta_master_consumo_mean6	0.000259959682884077	0.000641078480554608	0.000938967136150235
Visa_msaldototal_lag1	0.00025979538324272	0.000178509082176704	0.000704225352112676
ccajas_otras_mean6	0.000259388293385147	0.000334000602347383	0.000469483568075117
Visa_Finiciomora_delta1	0.000256810705155263	0.000656471491499411	0.000117370892018779
ccajas_extracciones_mean6	0.000255460982769428	0.00117686214644093	0.00176056338028169
cprestamos_hipotecarios_mean6	0.00025221592240376	0.00389531157524477	0.000469483568075117
matm_lag1	0.000252118025337941	0.000394555472404893	0.00105633802816901
mpayroll_lag1	0.00025191840723521	0.00175934684170824	0.00187793427230047
catm_trx	0.000248891393323861	0.00270954801400965	0.000586854460093897
mv_mlimitecompra	0.000247672063181185	0.000107460642444856	0.000469483568075117
ctarjeta_visa_debitos_automaticos_lag1	0.00024750531544585	0.00121151735325908	0.000586854460093897
mtarjeta_master_consumo_lag1	0.000242768790433674	0.000168629741521452	0.000469483568075117
Visa_mconsumototal_lag1	0.000242351724891375	0.000205848487770706	0.000586854460093897
matm_delta1	0.000239307235740941	0.00169105687244869	0.000704225352112676
mv_status02_mean6	0.000235369429956733	0.000519161542772332	0.000352112676056338
mcuenta_debitos_automaticos_lag1	0.000234909435181366	0.000785269887514703	0.000704225352112676
Visa_status	0.000234536935165734	0.000939400161052026	0.000352112676056338
ctransferencias_recibidas_lag1	0.000233285272030152	0.000375132360302902	0.000938967136150235
ctransferencias_recibidas_delta1	0.000232058711777187	0.000121126747521298	0.000469483568075117
ccheques_emitidos_mean6	0.000229762839251313	0.00231006889748689	0.000469483568075117
mv_mlimitecompra_lag1	0.000224089634996178	0.000100488260001346	0.000469483568075117
ctarjeta_master_trx_mean6	0.000219075265601376	0.000284118533861157	0.000704225352112676
mvr_mconsumosdolares	0.000216424610296891	0.00061634971182448	0.000821596244131455
mcheques_depositados_mean6	0.00021623744260101	0.00222105932846207	0.000821596244131455
Master_msaldopesos_lag1	0.000214462735954016	0.000222114763614852	0.000352112676056338
ctarjeta_debito_trx_delta1	0.00021351086860905	0.00115837705820834	0.000821596244131455
mextraccion_autoservicio_delta1	0.000209332364994946	0.000887904351362296	0.000704225352112676
matm_other_delta1	0.00020841228845157	0.000495662540342402	0.000586854460093897
mv_mconsumosdolares_delta1	0.000204178931958993	0.000140536777003074	0.000352112676056338
tcuentas_mean6	0.000199813281281243	0.000792591575917949	0.000352112676056338
mvr_msaldodolares_lag1	0.000199810125342912	0.00100398316987369	0.000821596244131455
active_quarter_mean6	0.000196828495271328	0.000178335737458857	0.000469483568075117
ctarjeta_debito_lag1	0.000195918915278059	0.000189672482006043	0.000586854460093897
mpagomiscuentas_delta1	0.00018989244392	0.00086657444736399	0.000821596244131455
ccheques_depositados_lag1	0.000189596401906548	0.0013714563101718	0.000234741784037559
mv_fechaalta_delta1	0.000188302227539687	3.34836581779113e-05	0.000117370892018779
mcaja_ahorro_adicional	0.000187199307638233	0.00395425597475383	0.000469483568075117
catm_trx_delta1	0.000186206227404859	0.000549634235907794	0.000586854460093897
mvr_mconsumosdolares_delta1	0.000183257010970444	0.000763386588681307	0.000469483568075117
mv_msaldopesos_lag1	0.00018157038333984	0.000481630121899944	0.000469483568075117
mv_mconsumosdolares_lag1	0.000180304297372282	6.35148128811212e-05	0.000234741784037559
matm	0.000178917225576051	0.000364427506312093	0.000469483568075117
mv_mconsumosdolares	0.000176898937546004	0.000592378426804793	0.000352112676056338
Visa_delinquency_mean6	0.000176039066073198	0.00314763525104848	0.00187793427230047
ccheques_depositados_delta1	0.000174041534951873	0.00299726099777484	0.000352112676056338
Visa_mpagosdolares	0.000172650911200396	0.00100636093609774	0.000469483568075117
cpagomiscuentas	0.00017232993345479	0.000122417348005494	0.000586854460093897
ccuenta_debitos_automaticos_lag1	0.000165915383382545	0.00148004859926524	0.000469483568075117
mvr_msaldototal_lag1	0.00016421485446233	0.000251339374781815	0.000821596244131455
Visa_mconsumosdolares_delta1	0.00016203082121524	0.000583172186959597	0.00105633802816901
mforex_sell_lag1	0.000161653078377068	0.000210628877197216	0.000586854460093897
mtarjeta_master_consumo_delta1	0.000158421628845685	0.000909601876988641	0.000352112676056338
Master_msaldototal_delta1	0.000153511030067833	0.00220945831498654	0.000352112676056338
mdescubierto_preacordado_lag1	0.000153029238824622	0.000112436617043577	0.000234741784037559
mpayroll_sobre_edad_lag1	0.000151749631189516	0.000952461194943531	0.00164319248826291
mvr_mconsumototal_lag1	0.000149778938176063	0.000107654919355046	0.000352112676056338
mv_mpagado	0.000149261988119007	0.00122775680973179	0.000586854460093897
ccuenta_debitos_automaticos_delta1	0.000148406340685879	0.00258913492342107	0.000352112676056338
mvr_msaldodolares_mean6	0.000148231338383282	0.000349068510179848	0.00117370892018779
mvr_mpagosdolares	0.000146048961286715	0.000829612774601958	0.000469483568075117
ccajas_trx_lag1	0.000144689283344677	0.000575038067841008	0.000234741784037559
Master_msaldototal_lag1	0.000144250978503406	6.28606818703782e-05	0.000234741784037559
ccheques_depositados_mean6	0.000143236209030291	0.000790137930496652	0.000234741784037559
Visa_madelantopesos	0.000141769301596223	0.000515941255806445	0.000117370892018779
mv_mfinanciacion_limite_lag1	0.000139371058271156	3.89548099517655e-05	0.000234741784037559
ctarjeta_master_trx_delta1	0.000132094405628242	0.000168453780279563	0.000234741784037559
mvr_mpagado	0.000131795282170729	0.000704747668354264	0.000469483568075117
mv_mconsumospesos_lag1	0.000131397947094755	0.000149983737060224	0.000234741784037559
Master_msaldodolares_delta1	0.000130034921374283	0.000379080040952735	0.000234741784037559
Visa_mfinanciacion_limite_delta1	0.00012862776999978	0.000335227752123537	0.000352112676056338
mdescubierto_preacordado_mean6	0.00012713417521676	0.000202167038442245	0.000234741784037559
ctarjeta_master_debitos_automaticos_mean6	0.000126967371536328	0.00100967149314311	0.000352112676056338
Master_cconsumos_delta1	0.0001268426163498	0.00061293383968638	0.000234741784037559
mv_mfinanciacion_limite	0.00012669312311411	0.000119468525409064	0.000469483568075117
cforex_buy_mean6	0.000122557225064242	0.000207977030079664	0.000234741784037559
mvr_mconsumototal_delta1	0.00011981961639779	0.000192643545056838	0.000234741784037559
mv_msaldodolares_mean6	0.000118352601223864	0.000250263983400154	0.000469483568075117
mvr_msaldodolares2_lag1	0.000113150779213196	0.00150608170523079	0.00105633802816901
mv_mfinanciacion_limite_delta1	0.000112093790499417	0.00119383946269375	0.000352112676056338
mforex_sell	0.000110574692526567	0.000142826889671685	0.000469483568075117
mvr_msaldodolares2_delta1	0.000109379490691007	0.000979574925338827	0.000352112676056338
Master_mconsumosdolares_lag1	0.00010446346642903	1.69302188200496e-05	0.000117370892018779
Master_mconsumospesos	0.000102170535606942	0.000521663593888424	0.000469483568075117
mvr_mpagosdolares_delta1	0.000101077026361786	0.000441966233932533	0.000234741784037559
Visa_mlimitecompra_delta1	9.54689136322981e-05	0.000425695379171312	0.000234741784037559
Master_mconsumospesos_lag1	9.30927569604536e-05	0.000122615549701749	0.000586854460093897
ccajas_trx	9.27699507737226e-05	0.000515155644462542	0.000469483568075117
mforex_buy_mean6	9.0662936154295e-05	0.00151319276344858	0.000234741784037559
tpaquete9	8.95284140179711e-05	0.00192267943030469	0.000234741784037559
mv_mpagosdolares_delta1	8.24943837559805e-05	0.000265774083795881	0.000117370892018779
Visa_delinquency_lag1	8.03120202617389e-05	0.000111898921352747	0.000117370892018779
mv_status02	7.97456241603308e-05	3.12177483566976e-05	0.000117370892018779
Master_mfinanciacion_limite_delta1	7.93533609438864e-05	0.000767090932595145	0.000234741784037559
cpagomiscuentas_delta1	7.86657115809827e-05	0.000512144679420092	0.000352112676056338
mttarjeta_master_debitos_automaticos_lag1	7.82554816560289e-05	0.000189037320794612	0.000117370892018779
Master_mpagado_delta1	7.80572281018435e-05	7.32404327488477e-05	0.000117370892018779
mv_madelantopesos_mean6	7.5870509619028e-05	0.000444128136923038	0.000117370892018779
matm_other_lag1	7.40049311718023e-05	0.000220981154573234	0.000352112676056338
Visa_mconsumototal_mean6	7.36231577603112e-05	1.98175531014691e-05	0.000117370892018779
cpayroll_trx_delta1	7.34818745668564e-05	7.9894907521136e-05	0.000234741784037559
mvr_mconsumototal_mean6	7.27944212101805e-05	7.70703698167478e-05	0.000117370892018779
mplazo_fijo_dolares_lag1	7.15192031055375e-05	0.00196430767369736	0.000234741784037559
mvr_mconsumosdolares_lag1	7.09587923360022e-05	0.000383500004192326	0.000352112676056338
cpagomiscuentas_lag1	6.97428278265787e-05	0.000346886329128009	0.000469483568075117
mprestamos_prendarios	6.93273678285668e-05	0.00210164902071296	0.000234741784037559
mvr_msaldodolares_delta1	6.92048400058254e-05	0.00023433327676452	0.000352112676056338
tcallcenter_lag1	6.90345361114477e-05	5.70958252727004e-05	0.000117370892018779
catm_trx_other	6.89300100372966e-05	7.68832883476753e-05	0.000117370892018779
mvr_msaldodolares2	6.86058173237423e-05	3.78938094523404e-05	0.000117370892018779
Master_msaldopesos_mean6	6.81596008140886e-05	0.000372211011208923	0.000352112676056338
ccallcenter_trx_lag1	6.73230489179406e-05	0.00080028808139035	0.000586854460093897
Master_cconsumos_lag1	6.72495494536158e-05	1.63938313912404e-05	0.000117370892018779
Master_status_lag1	6.68038297046849e-05	0.000940919707389982	0.000117370892018779
cforex	6.65536971904046e-05	0.000452109189385113	0.000117370892018779
Visa_msaldodolares_lag1	6.65470567850865e-05	0.000114245943419292	0.000117370892018779
cpayroll_trx_lag1	6.62526996377911e-05	0.000872132598562273	0.000704225352112676
ctarjeta_master	6.62029047652989e-05	3.99902993417716e-05	0.000117370892018779
Master_mpagado_mean6	6.47913044164417e-05	4.41813167276019e-05	0.000117370892018779
ccajas_extracciones	6.28498863389101e-05	0.00105996958895217	0.000586854460093897
matm_other	6.1968237034704e-05	0.000323449469144099	0.000117370892018779
mv_mconsumototal_mean6	6.18736715685301e-05	4.3236751548089e-05	0.000117370892018779
Visa_msaldodolares_mean6	5.95542162994331e-05	0.000338756134795485	0.000352112676056338
minversion1_pesos_mean6	5.94779136341722e-05	0.00100890746812256	0.000117370892018779
mv_status07_mean6	5.85364742966498e-05	1.62643134511133e-05	0.000117370892018779
ctarjeta_master_descuentos_mean6	5.64142680498212e-05	2.79614841852191e-05	0.000117370892018779
minversion1_pesos_lag1	5.47456344977919e-05	0.00105042581750543	0.000117370892018779
Master_mconsumosdolares	5.4542600613583e-05	0.000170047897552743	0.000117370892018779
thomebanking_delta1	5.35152192903589e-05	6.55419648834137e-05	0.000234741784037559
mv_status04_lag1	5.30409834127109e-05	1.85014415078542e-05	0.000117370892018779
mv_status05_mean6	5.24017618719088e-05	4.02257865056391e-05	0.000117370892018779
mvr_mconsumototal	5.060393244165e-05	1.57462416906048e-05	0.000117370892018779
mvr_mpagado_delta1	4.88807790035102e-05	3.44341105365208e-05	0.000117370892018779
mcheques_emitidos_mean6	4.86845315373559e-05	0.000820443820224374	0.000117370892018779
mcheques_depositados_delta1	4.85550975948822e-05	0.00104650561035805	0.000117370892018779
mtarjeta_visa_descuentos_delta1	4.74763078852192e-05	0.00101862720081119	0.000117370892018779
mtarjeta_visa_descuentos	4.70828924378329e-05	0.000313911584876456	0.000117370892018779
catm_trx_other_delta1	4.68672903486255e-05	0.000238574008107166	0.000352112676056338
ccajas_consultas	4.63898525068931e-05	0.000256348710062085	0.000117370892018779
ctarjeta_master_trx	4.60138062267633e-05	9.41346854939997e-05	0.000117370892018779
mprestamos_prendarios_mean6	4.5841336617319e-05	0.00105880261922901	0.000117370892018779
ccajeros_propios_descuentos_mean6	4.47223489664763e-05	0.00018425496897507	0.000117370892018779
ccajas_depositos_lag1	4.28793698587585e-05	0.000766733122932268	0.000117370892018779
mv_mconsumospesos_delta1	4.28086701346782e-05	0.000244653501721011	0.000234741784037559
Visa_mpagosdolares_delta1	4.17765616491119e-05	0.000218380983805531	0.000234741784037559
Master_msaldodolares_mean6	4.15140206312635e-05	5.948144106888e-05	0.000117370892018779
Master_mpagosdolares	4.02560764681793e-05	8.23930338511634e-05	0.000117370892018779
Master_cadelantosefectivo_delta1	3.95089737344778e-05	6.88492512737301e-05	0.000117370892018779
cforex_mean6	3.59257620629681e-05	6.88662586800094e-05	0.000234741784037559
ctarjeta_master_trx_lag1	3.42802639909634e-05	1.60530291346433e-05	0.000117370892018779
Master_msaldopesos_delta1	3.33255470310818e-05	0.000485108136484064	0.000234741784037559
Visa_mconsumototal_delta1	3.23465982771571e-05	1.7221961250841e-05	0.000117370892018779
mv_mpagosdolares_mean6	3.00756590298207e-05	3.20583067055024e-05	0.000234741784037559
cliente_vip_delta1	2.75585295786972e-05	2.29868178485188e-05	0.000117370892018779
ccomisiones_mantenimiento_lag1	2.73979695298426e-05	1.62597345340381e-05	0.000117370892018779
thomebanking_lag1	2.69337529826853e-05	6.78811373778305e-05	0.000234741784037559
mttarjeta_master_debitos_automaticos_delta1	2.27722031137312e-05	0.000401030715280237	0.000234741784037559
mvr_mpagosdolares_lag1	2.24887492431581e-05	0.000266999925310013	0.000234741784037559
mttarjeta_master_debitos_automaticos_mean6	2.06841844794639e-05	0.000113932614665147	0.000352112676056338
mv_mconsumototal_lag1	2.04049275823225e-05	1.90097013032015e-05	0.000117370892018779
cforex_lag1	1.31352113379368e-05	5.97404769491342e-05	0.000117370892018779
ccajas_extracciones_delta1	1.2668842690012e-05	5.13558256534308e-05	0.000117370892018779
Master_mconsumototal_delta1	1.22475205583737e-05	2.39117590977094e-05	0.000117370892018779
Visa_mpagado_delta1	1.12828556731877e-05	0.00051186929026457	0.000234741784037559
mttarjeta_master_debitos_automaticos	1.11557775252005e-05	0.00019894086429726	0.000234741784037559
mcajeros_propios_descuentos_mean6	1.11454695914104e-05	0.000195600217225396	0.000117370892018779
Visa_msaldodolares	1.06393450082526e-05	3.66372237807032e-05	0.000117370892018779
mv_mpagado_delta1	1.02274336595862e-05	0.000725615101727976	0.000352112676056338
Visa_fechaalta_delta1	8.81090607102279e-06	1.84621936472097e-05	0.000117370892018779
Visa_madelantodolares_mean6	7.00071713875294e-06	2.88936208755279e-05	0.000117370892018779
ctarjeta_master_debitos_automaticos_lag1	6.58951313426666e-06	6.35619103138947e-05	0.000117370892018779
mcheques_depositados_rechazados_delta1	6.5751261184425e-06	3.78689524739322e-05	0.000117370892018779
ccajas_extracciones_lag1	5.93350012877397e-06	4.35252233238267e-05	0.000117370892018779
ctarjeta_debito	3.5947407260824e-06	2.8857643669937e-05	0.000117370892018779
mv_cadelantosefectivo_mean6	2.85514594348227e-06	0.000158474357579668	0.000117370892018779
mtarjeta_visa_descuentos_mean6	2.76016148423853e-06	5.66510161853952e-05	0.000117370892018779
mv_mpagado_lag1	2.5375105111474e-06	0.000188453835933029	0.000117370892018779
mv_msaldodolares_lag1	2.41742133104799e-06	0.000249019826217721	0.000352112676056338
mvr_Master_mlimitecompra_delta1	2.11779174219376e-06	0.000248634543052393	0.000117370892018779
mforex_sell_delta1	1.1638940068055e-06	0.00017550400431335	0.000117370892018779
Master_cconsumos	1.11684103997768e-06	0.000107434477204426	0.000469483568075117
mv_mconsumototal_delta1	6.70005578622257e-07	1.98083952673187e-05	0.000117370892018779
Master_mconsumototal_mean6	6.27418662752017e-07	2.88968915305816e-05	0.000117370892018779
cforex_sell_lag1	4.67922909859081e-07	2.41747197640281e-05	0.000117370892018779
mv_mconsumototal	3.79051965338946e-08	6.19573269445422e-05	0.000234741784037559
Master_delinquency_mean6	6.68023588977524e-11	2.234511532698e-05	0.000117370892018779
Visa_cadelantosefectivo_delta1	5.12313991961692e-11	3.77754117393959e-05	0.000117370892018779
mv_mlimitecompra_delta1	3.91882633368471e-15	3.20602690985346e-05	0.000117370892018779
ccajas_trx_delta1	5.98050018866286e-16	5.26156819801218e-05	0.000117370892018779
