Feature	Gain	Cover	Frequency
ctrx_quarter_normalizado	0.152052693799903	0.0287974143057439	0.0121746956326092
ctrx_quarter	0.0850027335190456	0.0161352207529754	0.0139496512587185
mcuentas_saldo	0.0436013333258161	0.00857419253829713	0.00999975000624984
mcaja_ahorro	0.036558643076929	0.0127457662317386	0.0142246443838904
mtarjeta_visa_consumo	0.0272845031114241	0.0282952684870383	0.0173745656358591
foto_mes	0.0225445772992594	0.00873209939823961	0.00794980125496863
mpayroll_sobre_edad	0.0152896691278733	0.0208184049888327	0.00677483062923427
mpayroll	0.0140226763433191	0.0155983521316544	0.00394990125246869
mpasivos_margen	0.0133985005764091	0.00929300176666091	0.0113247168820779
cpayroll_trx	0.0128693837345909	0.0156516101275957	0.00282492937676558
mv_status04	0.0123693044820345	0.000262080956249522	0.00032499187520312
mv_Finiciomora_delta1	0.0117329513014546	0.00267480574562551	0.00064998375040624
Visa_Finiciomora	0.0105720441302456	0.00447347431322993	0.000999975000624984
mprestamos_personales	0.0089150505982637	0.00508159134429794	0.00189995250118747
mprestamos_personales_mean6	0.00721832361122199	0.000802717964098111	0.00112497187570311
cliente_vip_lag1	0.00655308035338066	0.00415663185707856	0.000799980000499988
mpasivos_margen_mean6	0.00606762451579855	0.00141838051969953	0.00399990000249994
mactivos_margen	0.00604203574305928	0.0090009579368075	0.0128746781330467
mv_Finiciomora	0.00601550672326508	0.0075429354085772	0.00219994500137497
mprestamos_personales_delta1	0.00573840009291159	0.00238967120783789	0.00137496562585935
ctarjeta_visa_trx	0.00570889450271746	0.00811402668553252	0.00817479563010925
mcuenta_corriente_delta1	0.00549094425489393	0.00897566966530234	0.00627484312892178
mrentabilidad_annual_delta1	0.0054789150113025	0.0019859217595092	0.00499987500312492
mv_msaldototal	0.00531378894774882	0.00272111200483152	0.00442488937776556
mdescubierto_preacordado	0.00460924629841518	0.000446135482859749	0.000399990000249994
mactivos_margen_mean6	0.0045863045837744	0.00239658137505151	0.00667483312917177
mcuenta_corriente_mean6	0.00453036713601182	0.0024417127483046	0.007724806879828
ctrx_quarter_normalizado_delta1	0.00438459416197766	0.00356797592573356	0.00544986375340617
mactivos_margen_delta1	0.00432574597935634	0.00146483730433117	0.00367490812729682
Visa_Finiciomora_mean6	0.00431949650888771	0.00758525449429977	0.00257493562660933
mcuenta_corriente	0.00430098713530322	0.00267507966689423	0.00494987625309367
chomebanking_trx_mean6	0.00419673297084645	0.00142288665584226	0.00402489937751556
mprestamos_personales_lag1	0.00417390339884421	0.000626109632743341	0.000899977500562486
ctrx_quarter_delta1	0.00403859017310438	0.00246024356589132	0.00559986000349991
mv_Finiciomora_lag1	0.00402070923461872	0.00329216783829999	0.00107497312567186
mrentabilidad_mean6	0.00393852114160548	0.00175542226276296	0.00382490437739057
mrentabilidad_annual_mean6	0.00380402452585595	0.00190819288012987	0.00414989625259368
Visa_status_mean6	0.00377416816567088	0.000178761195000351	0.000274993125171871
cliente_edad_mean6	0.00367504184147695	0.00961250335947371	0.00877478063048424
cliente_edad	0.00354592486371855	0.00826129787397714	0.0100247493812655
numero_de_cliente	0.0033293774750127	0.00378524931342465	0.00647483812904677
cliente_edad_lag1	0.00331992247390223	0.0100352264501878	0.00937476563085923
chomebanking_trx_delta1	0.00320367767929762	0.00291399896084947	0.00364990875228119
mcuentas_saldo_delta1	0.00315340706800599	0.00467162178281439	0.00449988750281243
Master_fechaalta	0.00308668271535612	0.00146119493909015	0.00367490812729682
mv_mpagospesos	0.00306624296276008	0.00612492945214609	0.00407489812754681
mrentabilidad_annual_lag1	0.00304779017783099	0.00285480089905686	0.00579985500362491
mv_status07_delta1	0.00299754343761404	0.000901807013977248	0.000199995000124997
mcaja_ahorro_mean6	0.00292912316635313	0.00482658114488764	0.00759981000474988
mrentabilidad_annual	0.00292440311118958	0.00105134571043231	0.00292492687682808
mtarjeta_visa_debitos_automaticos_mean6	0.00283420158668167	0.00137812153195327	0.00174995625109372
ccaja_ahorro	0.00282972503604069	0.00525381168446615	0.00349991250218745
mcomisiones_mean6	0.00276596419405589	0.00146828888734668	0.00427489312767181
mcuenta_corriente_lag1	0.00270731572922906	0.00192709388524589	0.00517487062823429
mcomisiones_mantenimiento	0.0026905711120192	0.00191245835062115	0.00199995000124997
mcaja_ahorro_delta1	0.00259200647922807	0.00231924281160141	0.00312492187695308
cprestamos_personales_mean6	0.00258323883791732	0.00155684597074503	0.00194995125121872
mpasivos_margen_lag1	0.00257744717238152	0.00136827743166168	0.00387490312742181
mcomisiones_mantenimiento_mean6	0.00257130437690444	0.00207512426442732	0.00349991250218745
Master_Fvencimiento_lag1	0.00253095586611347	0.00130268772774081	0.00329991750206245
cprestamos_personales_delta1	0.0025140869651366	0.00159651292098877	0.000449988750281243
mrentabilidad_delta1	0.00251186134720934	0.00134936898778915	0.00284992875178121
mcaja_ahorro_dolares_delta1	0.0025086050385635	0.0038993690271708	0.00329991750206245
ctrx_quarter_normalizado_mean6	0.00248534498201481	0.00135782029031979	0.00154996125096873
Visa_Finiciomora_lag1	0.00248005646871308	0.00170963496621623	0.000549986250343742
mtransferencias_recibidas	0.00247775902263218	0.00228734804917736	0.00287492812679683
mrentabilidad	0.00243632544784403	0.000894926164215713	0.00239994000149996
ccomisiones_mantenimiento_mean6	0.00242603033648454	0.00255444972848976	0.00272493187670308
ctransferencias_recibidas_mean6	0.00242099874752523	0.0041904812621662	0.00437489062773431
Visa_mpagospesos_mean6	0.00238984986207352	0.00147321596959246	0.00244993875153121
mcaja_ahorro_lag1	0.00236561778626363	0.00425407781691925	0.00712482187945301
internet_mean6	0.00232487577671765	0.000848946335147836	0.00154996125096873
mcomisiones	0.00229889651882613	0.00077126690162052	0.00187495312617185
chomebanking_trx_lag1	0.00226357203933878	0.00110408124312298	0.00287492812679683
mtransferencias_recibidas_lag1	0.00225101292754902	0.00347717496331599	0.00227494312642184
cproductos	0.00223205754541617	0.0112781341428334	0.00454988625284368
Master_Fvencimiento_mean6	0.00223059109171625	0.00105704073489313	0.00264993375165621
thomebanking_mean6	0.00222715657118655	0.000670753111084876	0.00192495187620309
mv_Fvencimiento_lag1	0.00219711616286331	0.000847116401049092	0.00247493812654684
chomebanking_trx	0.00217204820407614	0.00129163592345292	0.00257493562660933
Visa_msaldototal	0.00216872541013506	0.0034231000168816	0.00392490187745306
cliente_antiguedad	0.00211313043771922	0.00355023492905745	0.00562485937851554
mcuentas_saldo_mean6	0.00205865750687235	0.0015690149012295	0.00269993250168746
ccomisiones_otras_mean6	0.0020489906845439	0.00195829684331555	0.0048748781280468
mtransferencias_emitidas_mean6	0.00201139546340949	0.00359428155658343	0.00717482062948426
mpasivos_margen_delta1	0.00199775717603804	0.00117233227157482	0.00289992750181245
Visa_mpagominimo	0.0019899779986663	0.00608448011974823	0.00357491062723432
mcuenta_debitos_automaticos	0.00195947393475393	0.00555876438228872	0.00384990375240619
Visa_Fvencimiento	0.00193816357498603	0.00109239845725441	0.00219994500137497
mcuentas_saldo_lag1	0.00193357872811329	0.00149464002588337	0.00362490937726557
cproductos_mean6	0.00193061534204686	0.00323073946227942	0.00552486187845304
mv_fultimo_cierre_mean6	0.00189756789099048	0.0020829380217686	0.00289992750181245
Visa_cconsumos_mean6	0.00189300723903964	0.000812141993434466	0.00204994875128122
mcomisiones_otras_lag1	0.00187419486578427	0.000797473203192434	0.00247493812654684
mtransferencias_emitidas_delta1	0.00187048639076542	0.0082651922817913	0.0050748731281718
mrentabilidad_lag1	0.00186012817838559	0.000731089302621829	0.00222494437639059
ctarjeta_visa_debitos_automaticos_mean6	0.00185349407377779	0.00191166590426705	0.00199995000124997
cpayroll_trx_mean6	0.00184281224696397	0.0010188917285491	0.00167495812604685
mactivos_margen_lag1	0.00183499008340827	0.00175918671112534	0.0048748781280468
cliente_antiguedad_mean6	0.00183044994537686	0.00186311707876357	0.00319992000199995
Master_Fvencimiento	0.00181211671899168	0.00123941410253459	0.0033499162520937
Visa_fultimo_cierre_mean6	0.00180834776968394	0.000865103751837482	0.00227494312642184
mtransferencias_recibidas_mean6	0.00177324943511141	0.000752582495590787	0.00242493937651559
mv_mpagominimo	0.00171963965689713	0.00683134571218261	0.00549986250343742
internet	0.00167239921632333	0.000611667505787571	0.00149996250093748
Master_fultimo_cierre_mean6	0.00166608531754084	0.00111278108763547	0.00257493562660933
Master_fultimo_cierre	0.00165867178786141	0.00179866594216096	0.00242493937651559
Visa_mpagospesos	0.00162830561681681	0.00492712819104057	0.00474988125296868
ctarjeta_visa_trx_mean6	0.00161852946574025	0.00112646446142834	0.00177495562610935
Visa_fechaalta	0.00160806409942496	0.00260748806232733	0.00469988250293743
mvr_mpagospesos	0.0016036896027554	0.00200961069836709	0.00209994750131247
mcomisiones_otras	0.00159526531365278	0.00133303610396091	0.00192495187620309
Visa_mpagospesos_delta1	0.00158630952854304	0.00134582245123479	0.00212494687632809
Visa_Fvencimiento_mean6	0.00157779777528475	0.000616905703084572	0.00217494562635934
ctrx_quarter_mean6	0.00156387762166693	0.00171120191839404	0.00274993125171871
Visa_fechaalta_mean6	0.00156312449389942	0.00344481287195423	0.00392490187745306
mv_fechaalta_mean6	0.00155495856025596	0.00170407558966804	0.00259993500162496
mcomisiones_otras_delta1	0.00154921531022361	0.00064112454394953	0.00194995125121872
Visa_fultimo_cierre	0.0015446896357684	0.00115866640073841	0.00237494062648434
cproductos_lag1	0.00153529059172547	0.00580666356805994	0.00397490062748431
mvr_msaldopesos2_mean6	0.00153173466634596	0.00259738885644521	0.00952476188095298
cextraccion_autoservicio_mean6	0.00152844463969117	0.00100860567860669	0.00217494562635934
tmobile_app	0.00150750831678733	0.000412741592214195	0.00129996750081248
mv_cconsumos_mean6	0.00150590283178434	0.000910103852917056	0.00127496812579686
mv_Fvencimiento	0.00150225608170237	0.000637942506463623	0.00202494937626559
Master_fultimo_cierre_lag1	0.00149915389920752	0.00114525125975341	0.00237494062648434
mcaja_ahorro_dolares_mean6	0.00149257835639075	0.00143714893992031	0.00157496062598435
mvr_mpagominimo	0.00146824066092046	0.0097996038380833	0.0046748831279218
Visa_mfinanciacion_limite	0.00146298353086754	0.00107270500578429	0.00194995125121872
mtransferencias_emitidas_lag1	0.00146010410008965	0.00289388937658932	0.00522486937826554
Visa_Fvencimiento_lag1	0.0014460961049226	0.000609476573211673	0.00199995000124997
Master_fechaalta_mean6	0.00144289968323912	0.0015063061839433	0.00337491562710932
mpayroll_mean6	0.00143833303404872	0.00538583867297485	0.00529986750331242
Master_fechaalta_lag1	0.00143259633748112	0.000861259227449257	0.00282492937676558
mcomisiones_otras_mean6	0.00143003093302347	0.0012602434958795	0.00267493312667183
mvr_Master_mlimitecompra	0.00142125680194704	0.00109546935096675	0.00212494687632809
internet_lag1	0.00141924221560972	0.000324663214675249	0.000574985625359366
mvr_mpagominimo_mean6	0.00140429903330042	0.00274242229190538	0.00372490687732807
ccallcenter_trx_mean6	0.00140078534330191	0.00412451393195953	0.00404989875253119
Visa_mconsumosdolares_mean6	0.00138689457229457	0.000364935329638868	0.00149996250093748
mtarjeta_visa_consumo_lag1	0.00137555682635456	0.00401005553600573	0.00224994375140622
cmobile_app_trx_mean6	0.00137098315932819	0.00081511005727755	0.00219994500137497
mv_Fvencimiento_mean6	0.00136559120559601	0.000596393988399566	0.0017249568760781
Visa_mpagospesos_lag1	0.0013310327678644	0.0013647711519072	0.00197495062623434
cmobile_app_trx_lag1	0.00131633708278386	0.00163660475550076	0.0033499162520937
mv_status06_delta1	0.00131446085793794	0.00118720934699883	0.000199995000124997
mcomisiones_lag1	0.00130161028969782	0.000555959095940793	0.0018249543761406
mv_msaldototal_mean6	0.0012970087774139	0.000892779426604897	0.0014249643758906
mv_fultimo_cierre_lag1	0.00129287834381077	0.00257141184360303	0.00312492187695308
mcomisiones_delta1	0.00128096025345704	0.000721282396112733	0.0017249568760781
Visa_mpagominimo_mean6	0.00127543412033373	0.00105231799966412	0.00239994000149996
mv_status07_mean6	0.00126969955175033	0.000104320683567463	0.000174995625109372
mpagomiscuentas_mean6	0.00126915863754308	0.00153519043785483	0.00232494187645309
ctarjeta_visa_trx_lag1	0.00125844333938243	0.00188618203722336	0.00254993625159371
ctrx_quarter_lag1	0.00125113455325646	0.00406280507106157	0.00452488687782806
ccomisiones_mantenimiento_delta1	0.00123981098566476	0.00176643074723359	0.000724981875453114
mvr_mpagominimo_lag1	0.00123968469084797	0.00260316701994926	0.00377490562735932
ctransferencias_emitidas_mean6	0.00123200394493277	0.00293299010619131	0.00274993125171871
Master_mfinanciacion_limite_mean6	0.00123162495015278	0.000488455443730139	0.00184995375115622
mvr_msaldopesos2	0.00122993763485662	0.00135530205245794	0.0031499212519687
mpayroll_sobre_edad_delta1	0.00121777834661682	0.00466653104792563	0.00614984625384365
Visa_mlimitecompra_mean6	0.00120952884203178	0.000751403233898746	0.00139996500087498
ctrx_quarter_normalizado_lag1	0.00118649828739543	0.00336927711302035	0.00417489562760931
Visa_mpagominimo_lag1	0.00118031207477177	0.00143014731975915	0.00282492937676558
mpayroll_lag1	0.00117803108218366	0.00611582353904354	0.00454988625284368
mv_fultimo_cierre	0.00117509894848375	0.000757653977227428	0.00202494937626559
mtarjeta_visa_debitos_automaticos_delta1	0.00115613444308043	0.00242966021248064	0.00209994750131247
ccajas_consultas_mean6	0.0011532628774242	0.00813326593528229	0.00552486187845304
Visa_cconsumos	0.00114105451914546	0.000560691457795865	0.00164995875103122
ccajas_trx_mean6	0.00113735783515206	0.00587136237149658	0.00594985125371866
cmobile_app_trx_delta1	0.00112945311731658	0.00536333162125248	0.0034499137521562
tmobile_app_mean6	0.00111654815091676	0.000257437859472438	0.00109997250068748
Visa_mconsumospesos_mean6	0.00111327664356251	0.000468425497921918	0.0015249618759531
Visa_mconsumospesos_delta1	0.00110656188945475	0.000682620115570271	0.00147496312592185
tmobile_app_delta1	0.00110518611709989	0.00153887174717399	0.00159996000099998
mv_mfinanciacion_limite_mean6	0.00109456057723216	0.000634086167579781	0.00127496812579686
Master_mfinanciacion_limite	0.00109041927265413	0.0012150368599136	0.00277493062673433
cliente_antiguedad_lag1	0.00108923508440269	0.00118150250804239	0.00302492437689058
mtransferencias_recibidas_delta1	0.00107509259110626	0.000638776084765418	0.00117497062573436
ccallcenter_trx	0.00105639954742974	0.00462925062579633	0.00222494437639059
mextraccion_autoservicio_mean6	0.00104866730594723	0.000686854955887736	0.00147496312592185
cmobile_app_trx	0.0010448806354021	0.00101799295173446	0.00139996500087498
mautoservicio	0.0010434577810554	0.00144563043505086	0.00189995250118747
mvr_msaldopesos2_delta1	0.00102781302843458	0.000955909527568075	0.00204994875128122
mcaja_ahorro_dolares	0.0010186900918421	0.000593184821331133	0.000999975000624984
Visa_mconsumospesos	0.00101678529282963	0.000553164311366744	0.00159996000099998
mv_status02_mean6	0.0010143174242581	0.000254533243846551	0.000249993750156246
Master_mfinanciacion_limite_lag1	0.00101390007745077	0.000960049414346701	0.0015249618759531
ctarjeta_visa_trx_delta1	0.00101209585632573	0.00388866246869924	0.00169995750106247
mpayroll_sobre_edad_lag1	0.00100546730129363	0.00536930800573852	0.00527486812829679
Visa_mfinanciacion_limite_mean6	0.000997812426001736	0.000318312704494698	0.00112497187570311
mv_fechaalta_lag1	0.000995558565361455	0.00156775031262468	0.00252493687657809
ctarjeta_debito_mean6	0.000982489326934936	0.00116791890110138	0.00164995875103122
mautoservicio_delta1	0.000980576704153286	0.00122128366507708	0.00199995000124997
ccaja_seguridad	0.000976085715795504	0.00160499616641496	0.000399990000249994
ccuenta_debitos_automaticos_mean6	0.000966148670322389	0.00143645275982679	0.0014249643758906
Visa_mpagominimo_delta1	0.000960201761650752	0.000965922531389583	0.0016249593760156
mcomisiones_mantenimiento_delta1	0.000954442340956795	0.00151324348073944	0.00112497187570311
Visa_cconsumos_lag1	0.000951169727642088	0.000571593611805954	0.00154996125096873
Master_mlimitecompra	0.00095031549224457	0.00101218590835224	0.00174995625109372
ccomisiones_otras_delta1	0.000948394104985244	0.00143294910551579	0.00147496312592185
ccomisiones_otras	0.000935473123181612	0.00122790722137853	0.00222494437639059
tcallcenter_mean6	0.000932470388419011	0.000434430818295595	0.00127496812579686
Visa_fechaalta_lag1	0.000930019053643595	0.00277126278842575	0.00319992000199995
mv_cconsumos	0.000923468098233821	0.000331780791923016	0.000999975000624984
matm_mean6	0.000921540090814048	0.000494989734953605	0.00107497312567186
mtarjeta_visa_consumo_delta1	0.000910548000288381	0.00109761521342974	0.00134996625084373
mvr_msaldopesos2_lag1	0.000905755984693223	0.00251765238795898	0.00332491687707807
mcomisiones_mantenimiento_lag1	0.00089697995480701	0.00353514169212107	0.00199995000124997
catm_trx_mean6	0.000881022271860631	0.000707080497234489	0.00124996875078123
Visa_mconsumospesos_lag1	0.000879427361042605	0.000885388803236227	0.00127496812579686
mpagomiscuentas	0.000865834129251941	0.00225308776218663	0.00144996375090623
mpayroll_sobre_edad_mean6	0.000864599914663105	0.00509546550031632	0.0045748856278593
mtransferencias_emitidas	0.000858906375197378	0.00550121816201279	0.00592485187870303
mvr_msaldopesos_lag1	0.000856010676089582	0.000564509290175477	0.00127496812579686
ctransferencias_recibidas_delta1	0.000852927342511694	0.00301814855301746	0.00129996750081248
mvr_Master_mlimitecompra_mean6	0.000844141221900013	0.000518033252291728	0.0013249668758281
mpayroll_delta1	0.000841311314301726	0.0029015569842441	0.00347491312717182
mvr_mpagospesos_mean6	0.000832930169490222	0.000589489509646798	0.00117497062573436
mvr_mpagospesos_delta1	0.000831981798397122	0.000896714966366756	0.00117497062573436
Master_Finiciomora	0.000823363077126246	0.00309485088399994	0.000399990000249994
mautoservicio_lag1	0.000820214524217069	0.00156499753514616	0.00329991750206245
internet_delta1	0.000816587023392208	0.000264418913659754	0.00064998375040624
cpayroll_trx_lag1	0.000810953115354212	0.000488418249947644	0.000774980625484363
mv_mpagominimo_mean6	0.000809940454359983	0.00472431749627909	0.00359991000224994
mcaja_ahorro_dolares_lag1	0.000803748372780008	0.000998075024847635	0.00117497062573436
mvr_msaldopesos	0.000792672944153585	0.00180176309030799	0.00187495312617185
ctarjeta_debito_trx_mean6	0.000786225949301349	0.00121247880282578	0.00257493562660933
Master_mlimitecompra_mean6	0.000786144690061725	0.000334619771462147	0.000999975000624984
mv_msaldopesos	0.000785428470076609	0.00129356956256874	0.00264993375165621
Visa_mlimitecompra_lag1	0.000785071626206591	0.000386513849520607	0.000874978125546861
ctransferencias_recibidas_lag1	0.000784190686174245	0.0055756481716718	0.00209994750131247
Visa_cconsumos_delta1	0.000782669274624029	0.00365491529838034	0.00254993625159371
ccaja_ahorro_delta1	0.000780596536195978	0.00193385702762518	0.000449988750281243
mvr_mpagominimo_delta1	0.000777195060282011	0.00177433376965287	0.00177495562610935
mvr_Visa_mlimitecompra_mean6	0.000767345869622082	0.000544577360923477	0.000999975000624984
mv_fechaalta	0.000765816795994795	0.0012945401015049	0.00244993875153121
mtarjeta_visa_debitos_automaticos	0.000765574004743888	0.000452962073456233	0.00102497437564061
mautoservicio_mean6	0.000764060440180754	0.000891921344164046	0.00234994125146871
ctarjeta_debito_trx	0.000760652467244733	0.00102623159334401	0.00157496062598435
cpagomiscuentas_mean6	0.000749973846522376	0.00140448711042904	0.00184995375115622
mvr_mconsumospesos_mean6	0.000739604331854994	0.000250543882493552	0.00097497562560936
ccaja_ahorro_lag1	0.000739588332135951	0.0031450659909592	0.00224994375140622
mvr_Visa_mlimitecompra	0.000727949496015949	0.000500226181954959	0.00157496062598435
ccomisiones_mantenimiento	0.000720644056625005	0.00322343591611918	0.000749981250468738
Master_mconsumospesos_mean6	0.000718553907069353	0.000833040085883507	0.00209994750131247
ctransferencias_recibidas	0.000716642510571347	0.0021920982727995	0.0015249618759531
Master_mpagospesos_mean6	0.000712512975098283	0.00300886367218503	0.00242493937651559
mv_mpagospesos_lag1	0.000689842081260664	0.00108682289047149	0.00129996750081248
Visa_mlimitecompra	0.000684791784839225	0.000632942786948501	0.00112497187570311
Visa_msaldopesos_mean6	0.000682396273268848	0.000293980094412698	0.00104997375065623
mv_mpagospesos_delta1	0.000676040766251118	0.00114079281916707	0.00117497062573436
mplazo_fijo_dolares_delta1	0.000675121461539479	0.00293637867856354	0.000424989375265618
mcuenta_debitos_automaticos_mean6	0.000670684553097031	0.00107170646211778	0.00157496062598435
mv_mpagominimo_lag1	0.000667224703911045	0.00146504252649576	0.00187495312617185
mvr_mpagospesos_lag1	0.00066620994698209	0.000595725375462483	0.00119997000074998
Visa_msaldototal_mean6	0.000663964918390721	0.000261477541825284	0.000999975000624984
mplazo_fijo_dolares_mean6	0.000663255030507008	0.00224142641743974	0.000799980000499988
mv_mpagospesos_mean6	0.000661197348270094	0.00040567083537498	0.000999975000624984
tmobile_app_lag1	0.000657775912934638	0.000158319929715128	0.000674983125421865
Master_mpagospesos_delta1	0.000657523473517056	0.000962464384765392	0.00097497562560936
mvr_mconsumospesos	0.000655905588812605	0.00046040608084213	0.000999975000624984
mvr_msaldototal	0.000648790697124305	0.00109422445318795	0.00227494312642184
Visa_msaldototal_lag1	0.000647163602323129	0.00138694170929147	0.00144996375090623
mvr_msaldototal_mean6	0.00064630601592015	0.000545974534423546	0.00177495562610935
mpagomiscuentas_lag1	0.000645922777512622	0.0024848369700247	0.00154996125096873
mtarjeta_visa_debitos_automaticos_lag1	0.000644938159223882	0.0005125285724825	0.00104997375065623
mvr_mconsumospesos_lag1	0.00064388576832568	0.000531832145597293	0.00097497562560936
Visa_msaldopesos_delta1	0.000641435563350657	0.000748467112951216	0.000874978125546861
mcuenta_debitos_automaticos_delta1	0.000632543904215626	0.00429000482293966	0.00209994750131247
mvr_msaldototal_lag1	0.000627830909635238	0.000728770160889801	0.00117497062573436
cprestamos_personales	0.000620464527719263	0.000482776609504053	0.00032499187520312
tcallcenter	0.000616873849937725	0.000848811999956943	0.00092497687557811
Visa_mpagado_mean6	0.000615072263351681	0.00147433922182381	0.00122496937576561
ccallcenter_trx_delta1	0.000610636651986872	0.0012699086284412	0.00104997375065623
mv_status04_delta1	0.000606706121135318	0.000270625024449442	0.000224994375140621
mvr_mconsumosdolares_mean6	0.000606294157118959	0.000632227791176777	0.00207494812629684
mforex_sell_mean6	0.000601584181289022	0.0018740021673911	0.00164995875103122
mdescubierto_preacordado_mean6	0.000599751331217548	0.000589827754280545	0.000549986250343742
matm_delta1	0.000598906557834386	0.000855618024579577	0.00102497437564061
mvr_msaldopesos_mean6	0.000598654353795604	0.000547367332184498	0.00117497062573436
mpagomiscuentas_delta1	0.000596787848449871	0.000875718419787582	0.000999975000624984
ctarjeta_debito_trx_delta1	0.00059546500018803	0.00311164540830503	0.00207494812629684
mv_Finiciomora_mean6	0.000591588696632215	0.00688375262686559	0.00409989750256244
ccomisiones_otras_lag1	0.000572641715656345	0.00086050747546895	0.00137496562585935
Visa_fultimo_cierre_lag1	0.000564509315097294	0.00533264149980734	0.00224994375140622
mcuenta_debitos_automaticos_lag1	0.000563093515118081	0.000983274962432092	0.00159996000099998
Visa_msaldototal_delta1	0.000559302572356588	0.000348768286323164	0.00097497562560936
mv_status05_delta1	0.000551557055001916	0.000824389249649132	0.000274993125171871
Visa_Finiciomora_delta1	0.000550047089458102	0.00206741508725093	0.000599985000374991
mv_mconsumospesos	0.000550010846516432	0.000297467120915062	0.000874978125546861
mvr_msaldodolares2_mean6	0.000543876646691157	0.00122493915753545	0.00184995375115622
mv_fultimo_cierre_delta1	0.00053694011897867	0.000267530501745876	0.000749981250468738
cproductos_delta1	0.000536919750317082	0.00210643092751404	0.000874978125546861
Master_mpagominimo	0.000536602885531836	0.00377001036437567	0.00232494187645309
mv_mfinanciacion_limite	0.000536285253395235	0.000263229150193832	0.00114997125071873
Visa_fechaalta_delta1	0.000535037606961005	0.000270128378059659	0.000299992500187495
mvr_msaldototal_delta1	0.000533107383251745	0.00617089834186617	0.00267493312667183
mv_cconsumos_delta1	0.000532248376049119	0.00438957389139993	0.00227494312642184
mv_status05_mean6	0.000532090593210171	0.000238838342781575	0.000299992500187495
mvr_mconsumospesos_delta1	0.000529460446133319	0.00106735303927025	0.00092497687557811
mtarjeta_master_consumo_mean6	0.000529351884863607	0.00031022633860642	0.000549986250343742
Master_msaldototal_mean6	0.000527672405682923	0.00071487981463669	0.00144996375090623
Master_cconsumos_mean6	0.000526968210859902	0.000881508835361153	0.00124996875078123
Master_mpagospesos	0.000523026344385279	0.0057305685896669	0.00357491062723432
mv_mconsumospesos_mean6	0.000519151821023119	0.000219666479414204	0.000749981250468738
Master_Finiciomora_lag1	0.00051801590634115	0.00124491528175253	0.000399990000249994
mtarjeta_visa_consumo_mean6	0.000514113413531913	0.000192724616096716	0.00092497687557811
Master_Finiciomora_mean6	0.00051135551173673	0.00225789057344149	0.000474988125296868
matm	0.000510972367355309	0.000801855943492055	0.00092497687557811
ctarjeta_visa_debitos_automaticos_lag1	0.000509690800659273	0.0011726718289303	0.00092497687557811
Visa_msaldopesos	0.000505556603578854	0.00215046223995311	0.00312492187695308
ccaja_seguridad_mean6	0.000503159628828232	0.000324215138989665	0.000174995625109372
mv_mpagominimo_delta1	0.000501656711045022	0.000974904173501207	0.0013249668758281
ctransferencias_emitidas_delta1	0.000496797711333382	0.00235448151385871	0.00154996125096873
Master_fultimo_cierre_delta1	0.000496775709535803	0.000153477299234307	0.000749981250468738
mv_msaldopesos_lag1	0.000492693704692276	0.000708923558550584	0.00124996875078123
ccaja_ahorro_mean6	0.000488468155862466	0.00210598678999366	0.00279993000174996
Master_mpagominimo_lag1	0.000484853526490353	0.00220564162294063	0.00107497312567186
mv_status01_mean6	0.000484569113451707	0.000822029413543315	0.00064998375040624
Master_mpagominimo_delta1	0.000484209240908612	0.00187470797411068	0.00117497062573436
ctarjeta_visa_debitos_automaticos_delta1	0.000482308493288259	0.0017392044608735	0.000699982500437489
Visa_mconsumosdolares_lag1	0.000472659367789173	0.000249594784679067	0.000774980625484363
Visa_mfinanciacion_limite_lag1	0.000470075946603318	0.000382562994671838	0.00097497562560936
Master_mlimitecompra_lag1	0.000468171078177023	0.000257000723134646	0.000774980625484363
mvr_Master_mlimitecompra_lag1	0.0004673407016223	0.000349305189512824	0.000699982500437489
matm_other_mean6	0.00046180253089133	0.00041480825379917	0.000799980000499988
Master_msaldototal	0.000460518460776962	0.000848033993541934	0.00127496812579686
Master_msaldopesos_mean6	0.000458089334711297	0.000488232718609082	0.00127496812579686
tpaquete7_mean6	0.000457314016222606	0.00374549616112032	0.000674983125421865
Master_msaldopesos	0.000454724891184385	0.000909181884685097	0.00092497687557811
mextraccion_autoservicio	0.00045442159733504	0.000884136466700932	0.0013249668758281
Master_status_mean6	0.00045283679211932	0.000122980585458141	0.000199995000124997
mv_mconsumosdolares_mean6	0.000452750317296458	0.000483003710364227	0.00157496062598435
mv_fechaalta_delta1	0.000452199680607481	0.000266612909253034	0.000349991250218745
catm_trx_other_mean6	0.000451051807491591	0.000501694680002636	0.000774980625484363
mextraccion_autoservicio_lag1	0.000442256841014619	0.00093011148245578	0.00274993125171871
mplazo_fijo_dolares	0.00044078905123117	0.00219650070392515	0.000374990625234369
ctarjeta_debito_trx_lag1	0.000440394352368546	0.00117999112775137	0.0031499212519687
mv_cconsumos_lag1	0.000439242032460941	0.000557246438389024	0.000999975000624984
mextraccion_autoservicio_delta1	0.000431473225060337	0.000760570407348931	0.000949976250593735
Master_fechaalta_delta1	0.00042632479071751	0.000138238787759237	0.000424989375265618
Master_Fvencimiento_delta1	0.000420339897485814	0.000135446191054747	0.000349991250218745
cplazo_fijo_mean6	0.000419477066201285	0.00127683848648085	0.000349991250218745
ctarjeta_visa_descuentos_mean6	0.000418786913103702	0.00150970044477638	0.000474988125296868
Master_mpagospesos_lag1	0.000418335380516352	0.00101340455169634	0.00127496812579686
mv_mlimitecompra_mean6	0.000414995695044613	0.00018898773489077	0.000774980625484363
mv_mconsumospesos_delta1	0.000405745502686352	0.000255695002582124	0.000624984375390615
Visa_mconsumototal	0.000405316786690033	0.00026090125698357	0.000724981875453114
Visa_mconsumosdolares	0.000400400472865521	0.00059540857195041	0.000849978750531237
ctarjeta_master_trx_mean6	0.000399503237245551	0.000197509924395104	0.000749981250468738
mvr_msaldopesos_delta1	0.000395678833909577	0.00122403950557299	0.00092497687557811
ccajas_extracciones_mean6	0.000395392079723201	0.0018612937082735	0.0017249568760781
thomebanking	0.000390360739854773	0.000432702838918279	0.000374990625234369
Visa_msaldopesos_lag1	0.000388587343032443	0.000603974081272003	0.00112497187570311
ctransferencias_emitidas	0.000386982035619741	0.00640368941318801	0.00292492687682808
mv_mfinanciacion_limite_lag1	0.000385257703699445	0.000287917507866047	0.000799980000499988
mvr_Visa_mlimitecompra_lag1	0.000379227147426115	0.000369788024319658	0.000699982500437489
mtarjeta_master_consumo	0.000378204021534851	0.00130861466637483	0.000574985625359366
Visa_mconsumosdolares_delta1	0.000377617482334057	0.000792399096112322	0.00097497562560936
mv_msaldopesos_delta1	0.000374514651559566	0.000738736344302757	0.000824979375515612
mdescubierto_preacordado_delta1	0.000372379377214916	0.000801955710343924	0.000249993750156246
cforex_mean6	0.000369798383271377	0.000316113458014477	0.000774980625484363
mvr_msaldodolares2_delta1	0.000368115652618154	0.00168963390028618	0.00124996875078123
mv_Fvencimiento_delta1	0.000367564107613446	0.000429300701754785	0.000424989375265618
mv_mconsumospesos_lag1	0.000357483274847815	0.000458437873387289	0.000724981875453114
Visa_mconsumototal_lag1	0.0003554571901357	0.000115436373646464	0.000574985625359366
ctransferencias_emitidas_lag1	0.00035516054050538	0.00181422782075677	0.00184995375115622
Visa_fultimo_cierre_delta1	0.000342938250967442	0.000382647446436796	0.000574985625359366
mv_mconsumosdolares_lag1	0.000341703788427998	0.000352675383780763	0.000749981250468738
Master_msaldopesos_lag1	0.000339637815662283	0.000452930130560678	0.000674983125421865
mvr_mconsumototal	0.00033377064401176	0.000202745496248635	0.00032499187520312
tpaquete9	0.000332106532675533	0.000484261735360374	0.000249993750156246
cplazo_fijo	0.000331578716499081	0.00104622390779583	0.000274993125171871
Visa_mconsumototal_mean6	0.000326361552665274	0.000191664374508659	0.000424989375265618
cpagomiscuentas_lag1	0.000324426573481325	0.000621535672644306	0.000899977500562486
cseguro_accidentes_personales_mean6	0.000323640876025542	0.000247007410139165	0.000374990625234369
Visa_Fvencimiento_delta1	0.000321897869562044	0.000590536186443593	0.000349991250218745
mv_msaldopesos_mean6	0.000321839967621196	0.000664484427225814	0.00104997375065623
ccuenta_debitos_automaticos_lag1	0.000316553198022077	0.000500727641657772	0.000599985000374991
cprestamos_personales_lag1	0.000312927050226307	7.13656795553479e-05	0.000199995000124997
Master_msaldopesos_delta1	0.000310076842019248	0.000679322558571675	0.000674983125421865
mvr_mpagado_mean6	0.00030001504514193	0.00093448634642499	0.00192495187620309
Master_mpagominimo_mean6	0.000299641082035429	0.00131544344484088	0.00154996125096873
mv_msaldototal_delta1	0.00029878883861592	0.00187531751456968	0.00184995375115622
matm_lag1	0.000298310994380044	0.000502292405966023	0.00134996625084373
ccajas_depositos_mean6	0.000296374339002771	0.000734237209342623	0.000449988750281243
Visa_mpagosdolares_mean6	0.000295291099571857	0.000270583017353919	0.000474988125296868
ccallcenter_trx_lag1	0.000289835810990091	0.00291976355956226	0.00109997250068748
mv_status07	0.000283269814902992	4.80701196440844e-05	0.000124996875078123
cliente_vip_delta1	0.000281742852835637	9.32150576884318e-05	0.000199995000124997
mv_msaldototal_lag1	0.000278853386662638	0.000290712730014009	0.00092497687557811
cextraccion_autoservicio_lag1	0.000275259503469272	0.000896028412899294	0.00092497687557811
mvr_msaldodolares_mean6	0.000273914340961457	0.0010135226966525	0.00222494437639059
mv_mconsumototal_delta1	0.000269058695169141	8.94357318130499e-05	0.00032499187520312
catm_trx_delta1	0.000265026184750323	0.000917421839016383	0.000599985000374991
mvr_mpagado_delta1	0.000264166160614453	0.00260228312064762	0.000749981250468738
Master_msaldototal_lag1	0.000261116054486922	0.00054793311525233	0.000899977500562486
mv_mconsumototal	0.000255326729796386	0.000121072325629203	0.000424989375265618
ctarjeta_visa_debitos_automaticos	0.000254708981817388	0.000403768701580806	0.000549986250343742
mv_mlimitecompra_lag1	0.000254212047610612	0.000139792175145784	0.000449988750281243
ccheques_depositados_mean6	0.00025413950074416	0.00218799908039467	0.000624984375390615
Visa_mconsumototal_delta1	0.000252947640893831	0.000176448179303087	0.000424989375265618
cextraccion_autoservicio_delta1	0.000251032024522836	0.000493682264105436	0.00064998375040624
Master_mpagosdolares_mean6	0.00024600530145116	0.00109263781018411	0.000624984375390615
mcheques_depositados_delta1	0.000244863596198669	0.00264967018741553	0.000474988125296868
mttarjeta_master_debitos_automaticos_delta1	0.000241502533210139	0.000744151321460086	0.000399990000249994
ccuenta_debitos_automaticos	0.000240112187206461	0.00121882581241504	0.00154996125096873
mplazo_fijo_dolares_lag1	0.000237457587395465	0.000410832019663521	0.000199995000124997
mv_mconsumosdolares_delta1	0.000237132056312481	0.00102107609751632	0.00114997125071873
mv_mpagado_mean6	0.000228312116643919	0.000773626737726336	0.0015249618759531
Visa_status_delta1	0.000227370062345806	0.000528310550755905	0.000274993125171871
ccaja_seguridad_lag1	0.000223863662335716	0.000394292600948958	9.99975000624984e-05
mv_mpagosdolares_mean6	0.00022282309180931	0.000195156651897964	0.000399990000249994
mvr_mconsumosdolares	0.000222743373191434	0.00147816580568165	0.000674983125421865
mv_status01	0.000218278642507274	0.000575129646586429	0.00032499187520312
mttarjeta_master_debitos_automaticos_mean6	0.000215988930191042	0.000416208052742709	0.000499987500312492
ctarjeta_debito_lag1	0.000215645696793855	0.000325923865114866	0.000274993125171871
Master_mconsumospesos_delta1	0.000215207382114456	0.000347090627945693	0.000424989375265618
catm_trx	0.000211781501808504	0.000270113062972749	0.00032499187520312
mvr_mconsumototal_delta1	0.000210754013535704	0.000207655513111859	0.000274993125171871
mvr_mpagado	0.000204326766878536	0.0014804858225615	0.00104997375065623
mprestamos_hipotecarios_mean6	0.000203097138505391	0.00134317031575596	0.000149996250093748
mcaja_ahorro_adicional	0.000201390166684565	0.00154718433877462	0.000299992500187495
tpaquete9_mean6	0.000201026084499812	0.000934219863912763	0.000524986875328117
ctarjeta_debito	0.000193116501415729	0.000212112203402557	0.000374990625234369
cextraccion_autoservicio	0.000192290496202628	0.000337649970800693	0.000249993750156246
Visa_madelantopesos	0.000190436329119687	0.00108371480297666	0.000149996250093748
mtarjeta_master_consumo_delta1	0.000186798684138798	0.000205625607735467	0.000424989375265618
mv_msaldodolares_mean6	0.000186754992648555	0.000465481063070066	0.00137496562585935
thomebanking_lag1	0.000185841929367274	4.98134141083106e-05	0.000224994375140621
Master_mpagado_delta1	0.000185806355057985	0.000845615960105861	0.000249993750156246
mv_mlimitecompra	0.000182794312955023	8.34514709965947e-05	0.000274993125171871
cforex_sell_mean6	0.000180200276531665	0.000440888971658425	0.000449988750281243
Visa_mlimitecompra_delta1	0.0001800307918296	0.000276887144699829	0.000299992500187495
cpagomiscuentas	0.000178212104595696	0.000844021440771614	0.000874978125546861
Master_msaldototal_delta1	0.000177591466037091	0.000863187178104222	0.000949976250593735
cpagomiscuentas_delta1	0.000177059342399129	0.00071620785145871	0.000524986875328117
matm_other_delta1	0.000176625150881919	0.00124503123883913	0.00064998375040624
mvr_mconsumototal_lag1	0.000175836745996282	8.24459261475004e-05	0.000274993125171871
mvr_msaldodolares_lag1	0.000169112460571787	0.00744482827455593	0.00242493937651559
Master_status	0.000168143699130462	9.09291715736934e-05	9.99975000624984e-05
ccajas_extracciones	0.000167825601645894	0.000801842378700792	0.000574985625359366
mv_mpagado	0.000164217450119784	0.00146831076604227	0.0013249668758281
Master_cconsumos_delta1	0.000163561811722809	0.000345601563924166	0.000249993750156246
ctarjeta_visa_descuentos	0.000161749775237089	0.000719492281239955	0.000174995625109372
ctarjeta_master_trx	0.000161609022718912	0.000180827419011414	0.000199995000124997
Visa_msaldodolares_lag1	0.00016066878100182	0.000341474804362892	0.000299992500187495
Visa_mpagado_delta1	0.000158130466530345	0.00148656372419506	0.000524986875328117
mtarjeta_visa_descuentos_mean6	0.000158075386784649	0.000439699208192504	0.000424989375265618
cliente_vip	0.000157833194285822	0.000101697865540713	0.000149996250093748
mtarjeta_master_consumo_lag1	0.000152458669715897	0.000175494705749485	0.000524986875328117
Visa_mpagosdolares	0.000151200395204407	0.000606420994586248	0.000449988750281243
Master_mconsumototal_mean6	0.000149257312106552	0.000370804070942633	0.000399990000249994
Master_mfinanciacion_limite_delta1	0.000148549735031517	0.000289585539617461	0.00032499187520312
Master_mconsumospesos_lag1	0.000148498281613316	0.000113080913279764	0.000549986250343742
mforex_sell_delta1	0.000145790666178944	0.000284068170164793	0.000424989375265618
mvr_mpagado_lag1	0.000144042874966217	0.000614672325839238	0.000374990625234369
Master_msaldodolares_mean6	0.000143601128568536	0.000326363626896128	0.000224994375140621
ccajas_consultas	0.000140393678987522	0.00187825451066503	0.000574985625359366
ccajas_otras_mean6	0.000135788736239249	0.000622982729570309	0.000299992500187495
mvr_mpagosdolares_mean6	0.000135100457879057	0.000296133833206101	0.000274993125171871
tcallcenter_lag1	0.000134393522261582	0.000341624892214606	0.000499987500312492
catm_trx_lag1	0.000133735995043598	0.000295027208783404	0.000424989375265618
mv_status03_delta1	0.000133064250046144	0.000150849230320617	4.99987500312492e-05
cpayroll_trx_delta1	0.000131286141486651	0.000161931664782328	0.000449988750281243
mvr_msaldodolares2_lag1	0.000130749119537059	0.00146051363650963	0.00112497187570311
Visa_mpagosdolares_delta1	0.000129128218127201	0.00188524562905232	0.000524986875328117
Visa_delinquency_mean6	0.000127838434714151	0.00237016372528025	0.00119997000074998
thomebanking_delta1	0.000127519094454721	0.000307609209040522	0.000274993125171871
mforex_sell_lag1	0.000125059691946538	0.000109853805680952	0.000349991250218745
mv_mpagado_delta1	0.000124143482276968	0.00119548912055608	0.000349991250218745
cseguro_accidentes_personales	0.000122850074530615	0.000124297245358457	0.000149996250093748
mforex_buy_mean6	0.000121989401869932	0.000303603219878878	0.000274993125171871
tpaquete9_delta1	0.000121963985725416	0.000594189491032404	4.99987500312492e-05
Visa_mfinanciacion_limite_delta1	0.000121596138933955	0.000146932943810871	0.000249993750156246
tcuentas_lag1	0.000120326162477715	0.000107242364575906	7.49981250468738e-05
mvr_mconsumosdolares_lag1	0.000119262297328875	0.000116824358094387	0.000374990625234369
mprestamos_hipotecarios_lag1	0.000116778179954561	0.000810901033820875	7.49981250468738e-05
mv_mpagado_lag1	0.000116115195384162	0.000712584739469806	0.000549986250343742
mttarjeta_master_debitos_automaticos_lag1	0.000115246601767668	0.000224919116650291	0.000224994375140621
matm_other	0.000114786798810543	0.000742455722552236	0.000349991250218745
mcaja_ahorro_adicional_lag1	0.000114042979786734	0.00109415837952728	0.000224994375140621
ctarjeta_debito_delta1	0.000112453238255971	0.0010144350382584	0.000174995625109372
Master_mlimitecompra_delta1	0.00011145423697471	5.72351052247113e-05	0.000174995625109372
Visa_mpagado	0.000110914998559164	7.08519677830081e-05	0.000174995625109372
Master_mconsumospesos	0.000110838213803931	0.00014782646973857	0.000799980000499988
mttarjeta_master_debitos_automaticos	0.000110596257383333	0.000128259914702842	0.000149996250093748
mvr_mconsumosdolares_delta1	0.000110326080051282	0.000531584041189357	0.00032499187520312
mv_mconsumototal_mean6	0.000109873857032412	5.48923345014515e-05	0.000224994375140621
ctarjeta_master_descuentos_mean6	0.00010810611854692	0.000111857894196553	7.49981250468738e-05
Master_mconsumototal_lag1	0.000107693310847132	6.55914542165103e-05	0.000149996250093748
Master_delinquency_mean6	0.000107256947417656	0.000611516542788034	0.000574985625359366
mcheques_depositados_rechazados_mean6	0.000106159629582336	0.000287757793388276	0.000174995625109372
mv_mconsumosdolares	0.000105891144424207	0.000464857082671977	0.000549986250343742
Visa_msaldodolares_mean6	0.0001056331216483	0.000254591003602896	0.000549986250343742
mvr_mpagosdolares_delta1	0.000103497571443993	0.00135303935776052	0.000374990625234369
Visa_delinquency_delta1	0.00010282505748968	0.000353529528056408	0.000124996875078123
mcheques_depositados	0.000102592496097606	0.00165452953321978	0.000424989375265618
Master_cconsumos_lag1	0.000102226392254297	0.000262385070118156	0.000249993750156246
Master_mconsumosdolares_delta1	0.000101954349845886	0.000534980489891999	0.000549986250343742
ccheques_depositados	0.000101349364444964	0.000574310070649809	0.000124996875078123
Master_mconsumototal_delta1	0.000100250812350291	5.12941642255148e-05	0.000124996875078123
mv_status02	0.000100106784413054	0.000256634911344462	0.000174995625109372
Master_delinquency	9.8404739137313e-05	8.30825961890288e-05	0.000199995000124997
catm_trx_other_delta1	9.73892181670397e-05	0.000302577984203757	0.000374990625234369
mcaja_ahorro_adicional_delta1	9.73557122971533e-05	0.000366223547234922	7.49981250468738e-05
minversion1_pesos	9.67728397069966e-05	0.000548334370529362	7.49981250468738e-05
cseguro_vida_mean6	9.62374530658369e-05	0.000551096774633945	0.000299992500187495
Master_mconsumosdolares	9.48668905605327e-05	0.00114466359799	0.000424989375265618
mtarjeta_visa_descuentos	9.46340936711496e-05	0.000321646142554054	0.000224994375140621
ccajas_trx	9.4547022033903e-05	0.00136988464063936	0.00159996000099998
ccajas_trx_delta1	9.33850697434072e-05	0.000298205745678017	0.00032499187520312
cseguro_vivienda_mean6	9.30061065288353e-05	3.27160886563252e-05	0.000124996875078123
Visa_mpagosdolares_lag1	9.28493331286603e-05	9.39790617382659e-05	0.000149996250093748
mvr_mpagosdolares	9.27963407748125e-05	0.00278418172059488	0.000899977500562486
tcallcenter_delta1	8.79572786200152e-05	0.000322759330585428	0.000374990625234369
Master_mpagosdolares_delta1	8.5855722129156e-05	0.000283309854575811	0.000199995000124997
mcheques_depositados_mean6	8.57721739524075e-05	0.000828524323114728	0.000549986250343742
Master_mconsumosdolares_mean6	8.55939709378905e-05	0.000228107280170962	0.000699982500437489
mvr_msaldodolares_delta1	8.53332459545976e-05	0.00332408272912398	0.000624984375390615
cforex_buy_mean6	8.2885787549861e-05	0.000206858253444735	0.000149996250093748
cprestamos_hipotecarios_mean6	8.19663762090353e-05	0.000537130290520198	7.49981250468738e-05
Visa_msaldodolares	8.05539501455835e-05	0.000122033237939303	0.000149996250093748
minversion1_pesos_lag1	8.01051280566454e-05	0.000841510641666261	7.49981250468738e-05
tpaquete9_lag1	7.95013883929264e-05	0.000353648110586479	0.000249993750156246
ccheques_emitidos_mean6	7.85458199539586e-05	0.000186551760924317	9.99975000624984e-05
mv_mpagosdolares_delta1	7.83712249193501e-05	0.000157479350230746	0.000174995625109372
mvr_mconsumototal_mean6	7.83156736625897e-05	7.47875075448682e-05	0.000249993750156246
cplazo_fijo_lag1	7.64357560447775e-05	0.000185957535552224	4.99987500312492e-05
ccomisiones_mantenimiento_lag1	7.59821563175446e-05	0.000230844304988666	0.000174995625109372
ctarjeta_master_trx_delta1	7.59248227139642e-05	0.000751033483943357	0.00032499187520312
catm_trx_other_lag1	7.51274237768221e-05	0.000313065318145551	0.000124996875078123
mforex_sell	7.41783803896977e-05	8.72968705326438e-05	0.000174995625109372
Master_mconsumosdolares_lag1	7.37735461741309e-05	0.000265243740483314	0.000349991250218745
ctarjeta_master_debitos_automaticos_lag1	7.17870845730539e-05	0.000150489982139108	9.99975000624984e-05
Master_mpagado	7.09949913245611e-05	0.00155857351254844	0.000249993750156246
ctarjeta_master_debitos_automaticos_mean6	6.99965188045766e-05	0.000159562639624366	0.000224994375140621
mv_cadelantosefectivo_mean6	6.73722119497505e-05	0.00086165304396979	9.99975000624984e-05
minversion2_mean6	6.66337948887516e-05	0.000131679992396716	9.99975000624984e-05
active_quarter	6.50080615913771e-05	1.17160414858575e-05	7.49981250468738e-05
cprestamos_prendarios_mean6	6.50030996955613e-05	0.00039612209747379	4.99987500312492e-05
mcheques_emitidos_mean6	6.43107382704803e-05	0.000129054111352584	7.49981250468738e-05
catm_trx_other	6.37626012423333e-05	0.000220255016325445	0.000124996875078123
mvr_Master_mlimitecompra_delta1	6.2215557005059e-05	0.000743551407627141	0.000424989375265618
mvr_msaldodolares2	6.16927263363663e-05	0.000330949839064691	0.000199995000124997
Master_madelantodolares_mean6	6.06106670839315e-05	4.69166748128343e-06	2.49993750156246e-05
ccheques_emitidos_rechazados_lag1	5.89627762215318e-05	0.000240215825455617	2.49993750156246e-05
Master_mpagado_mean6	5.70094632142027e-05	0.000114580479075172	0.000274993125171871
ccajas_consultas_delta1	5.64665143699983e-05	0.000292784204912012	0.000274993125171871
active_quarter_mean6	5.63235503232344e-05	2.44376278208093e-05	9.99975000624984e-05
ctarjeta_master_mean6	5.62900332034589e-05	4.98527957603639e-06	4.99987500312492e-05
mtarjeta_visa_descuentos_delta1	5.51224321713623e-05	0.00148369236418647	0.000374990625234369
Master_cadelantosefectivo_mean6	5.5084276481122e-05	0.000955069385657605	0.000149996250093748
Master_msaldodolares	5.42338098379391e-05	0.000265082275709896	0.000199995000124997
ccuenta_debitos_automaticos_delta1	5.35838076113471e-05	0.000492929199403394	0.000174995625109372
ccheques_depositados_lag1	5.25206021971395e-05	0.000412280826885171	7.49981250468738e-05
minversion1_pesos_mean6	5.21896178192962e-05	0.000464917467871792	4.99987500312492e-05
Visa_delinquency	5.18653651349351e-05	0.000258285002565496	0.000299992500187495
mv_mfinanciacion_limite_delta1	4.99265004519189e-05	0.000398680592135519	0.000274993125171871
mv_cadelantosefectivo_delta1	4.93438387311107e-05	0.000329396889252056	4.99987500312492e-05
Master_delinquency_lag1	4.91621351260306e-05	0.000346239984261342	0.000224994375140621
cforex_sell_delta1	4.74056000287197e-05	0.000358710403170976	0.000149996250093748
ccheques_depositados_delta1	4.72060160005788e-05	0.000423172041547468	4.99987500312492e-05
tpaquete7	4.67132875436169e-05	0.00130174956927412	0.000249993750156246
mvr_msaldodolares	4.60655633335164e-05	0.00170686512335515	0.000499987500312492
tpaquete7_lag1	4.58321015356e-05	0.0021648006618918	0.000349991250218745
mv_mpagosdolares	4.44450119740295e-05	0.000270843811405294	0.000124996875078123
cinversion1_mean6	4.38039127217146e-05	0.000264198376408255	0.000149996250093748
cforex_sell_lag1	4.28787730447881e-05	5.29061865162299e-05	7.49981250468738e-05
Master_msaldodolares_lag1	4.16977932827119e-05	0.000282293370378924	9.99975000624984e-05
mv_msaldodolares_lag1	4.16913412050092e-05	0.000786384205122048	0.000574985625359366
mv_mpagosdolares_lag1	4.16879462055287e-05	3.87047252118974e-05	9.99975000624984e-05
Master_mconsumototal	4.03553808719199e-05	2.71619629950744e-05	0.000124996875078123
ccajas_trx_lag1	4.002714683936e-05	5.64951677400209e-05	0.000199995000124997
Master_msaldodolares_delta1	3.97067862318747e-05	0.000156801985815429	7.49981250468738e-05
cliente_edad_delta1	3.92966354513788e-05	0.00010261939619876	0.000149996250093748
tcuentas_mean6	3.87077605394685e-05	0.000112760609176398	4.99987500312492e-05
Visa_cadelantosefectivo_mean6	3.83653953682971e-05	2.35458521887578e-06	2.49993750156246e-05
Visa_delinquency_lag1	3.76889880232321e-05	0.000430687373480973	0.000199995000124997
mcheques_emitidos	3.69321519734014e-05	2.87214764163852e-05	4.99987500312492e-05
mv_madelantopesos_mean6	3.68282013845209e-05	0.0001848312203035	7.49981250468738e-05
mcajeros_propios_descuentos_mean6	3.66037624922301e-05	0.000134895723073824	0.000174995625109372
cforex_delta1	3.654896466917e-05	0.000235866340773286	4.99987500312492e-05
ctarjeta_master_debitos_automaticos	3.63995670481636e-05	0.000289098082279823	9.99975000624984e-05
ctarjeta_master_trx_lag1	3.44305127597032e-05	6.89524594323039e-05	0.000174995625109372
mv_status02_delta1	3.35745352912987e-05	0.000190571314877224	7.49981250468738e-05
mv_status06_mean6	3.32484216165899e-05	4.61517956151769e-05	0.000149996250093748
ccheques_emitidos_lag1	3.31331657674221e-05	2.25389946179284e-05	2.49993750156246e-05
ccajas_extracciones_delta1	3.30978725451738e-05	0.000814486952027284	0.000274993125171871
Master_Finiciomora_delta1	3.11908324258351e-05	5.70342587992394e-05	2.49993750156246e-05
mv_status07_lag1	2.93789961142883e-05	0.00016096900217658	4.99987500312492e-05
mvr_Visa_mlimitecompra_delta1	2.77240814779613e-05	0.00146754107353158	0.000399990000249994
mcheques_depositados_rechazados_delta1	2.76907345238534e-05	0.000202680735309703	2.49993750156246e-05
mv_cadelantosefectivo_lag1	2.74717512138845e-05	0.000301730841110699	2.49993750156246e-05
mprestamos_prendarios	2.53126399815482e-05	0.000487601737028406	4.99987500312492e-05
mtarjeta_visa_descuentos_lag1	2.52060316666839e-05	0.000899552195610241	0.000374990625234369
mvr_mpagosdolares_lag1	2.42240039039205e-05	0.000197715146559693	0.000124996875078123
Master_delinquency_delta1	2.33561618006358e-05	0.00014949625178563	9.99975000624984e-05
Visa_msaldodolares_delta1	2.32555251663587e-05	0.000190483362520972	0.000199995000124997
cforex_buy_delta1	2.26032289993184e-05	0.000253719793944695	2.49993750156246e-05
Master_mpagosdolares	2.13594323490157e-05	5.63700216012737e-05	0.000149996250093748
Master_status_lag1	2.11752069457714e-05	6.45500283066563e-05	2.49993750156246e-05
Visa_mpagado_lag1	2.05643030095037e-05	0.000565520085911512	0.000349991250218745
mv_status02_lag1	2.01412586861175e-05	5.53968572216455e-06	2.49993750156246e-05
mv_mconsumototal_lag1	2.00694576657284e-05	3.32578051590139e-05	0.000124996875078123
ctarjeta_master_debitos_automaticos_delta1	1.9042384975009e-05	0.000185176466119833	4.99987500312492e-05
matm_other_lag1	1.85926103230349e-05	0.000132055430812957	0.000199995000124997
ctarjeta_visa_descuentos_delta1	1.76816665682402e-05	0.000301711150284673	7.49981250468738e-05
cseguro_auto_mean6	1.72023863282794e-05	0.00013709890771925	9.99975000624984e-05
mcajeros_propios_descuentos_lag1	1.65104587518256e-05	0.000147441404696271	4.99987500312492e-05
cseguro_accidentes_personales_lag1	1.61516956359567e-05	3.32648063416012e-05	2.49993750156246e-05
mcaja_ahorro_adicional_mean6	1.5973779893544e-05	0.000111695991849223	9.99975000624984e-05
mcajeros_propios_descuentos	1.57933167532819e-05	5.11615793302686e-05	2.49993750156246e-05
mcheques_emitidos_rechazados_mean6	1.43753713915023e-05	0.000146541752733809	7.49981250468738e-05
Master_mpagado_lag1	1.40206495099405e-05	1.50678576495052e-05	2.49993750156246e-05
mv_msaldodolares_delta1	1.37487513624892e-05	0.000335886110362617	0.000299992500187495
ccajas_extracciones_lag1	1.35523147198808e-05	5.64417837227931e-05	4.99987500312492e-05
Master_cadelantosefectivo_lag1	1.32715019438563e-05	0.00011842062772428	2.49993750156246e-05
mv_status01_lag1	1.32094535706323e-05	7.89427094104033e-06	2.49993750156246e-05
Master_cconsumos	1.27242559933921e-05	4.95898138394302e-05	0.000299992500187495
cplazo_fijo_delta1	1.13406032865861e-05	0.000117247929640915	9.99975000624984e-05
cforex_lag1	1.12518044824265e-05	6.145288015962e-06	2.49993750156246e-05
mcheques_depositados_lag1	1.1090726040131e-05	0.000107624804174735	4.99987500312492e-05
ccajas_otras_delta1	1.09874711684628e-05	0.000125248093468588	7.49981250468738e-05
mforex_buy_delta1	1.07727559313885e-05	0.000201736888382159	4.99987500312492e-05
cpagodeservicios_mean6	1.06281675738456e-05	0.000130866542494859	0.000149996250093748
mdescubierto_preacordado_lag1	1.0256190172821e-05	0.000103585559395801	7.49981250468738e-05
mtarjeta_master_descuentos_mean6	9.79378826923351e-06	0.000172353800211278	4.99987500312492e-05
ccheques_emitidos	9.78942563619738e-06	0.000167549676234687	4.99987500312492e-05
mpagodeservicios_delta1	8.33363705019757e-06	0.000740631914488256	0.000124996875078123
mv_status03_mean6	7.65770559878274e-06	8.54853145381919e-05	0.000174995625109372
mpagodeservicios_lag1	7.65251101174034e-06	0.000848318416584541	0.000199995000124997
mv_mlimitecompra_delta1	7.4064082131374e-06	0.000124702001226782	0.000149996250093748
Visa_madelantodolares_mean6	7.01419740255712e-06	3.38288391137868e-06	2.49993750156246e-05
ccajeros_propios_descuentos_mean6	6.93615228799951e-06	5.24357945611488e-05	7.49981250468738e-05
minversion2_lag1	6.41841528209591e-06	3.38082731399367e-05	2.49993750156246e-05
cforex_sell	6.3806643707819e-06	8.34882272051778e-05	4.99987500312492e-05
cforex	5.91236290400714e-06	1.25041121008352e-05	4.99987500312492e-05
Master_mpagosdolares_lag1	5.58733878548748e-06	0.000115787745497561	9.99975000624984e-05
ccajas_depositos_lag1	4.91585049074902e-06	0.000152670850515038	4.99987500312492e-05
mtarjeta_master_descuentos_lag1	4.47705415624206e-06	0.000287422174197999	4.99987500312492e-05
minversion2_delta1	4.33119729699478e-06	6.74279519239294e-05	4.99987500312492e-05
ccajas_depositos_delta1	4.21755081215575e-06	0.000271225813430211	4.99987500312492e-05
cinversion2_mean6	4.18561645113366e-06	0.000143751781472788	2.49993750156246e-05
mprestamos_prendarios_mean6	3.53164261095892e-06	0.000194776400168694	9.99975000624984e-05
cseguro_auto_lag1	3.14918402694083e-06	0.000273317854302065	7.49981250468738e-05
mvr_madelantopesos_delta1	2.64986704272712e-06	7.10261221998661e-05	2.49993750156246e-05
mvr_madelantopesos_mean6	2.5090188746686e-06	0.000172659226801647	4.99987500312492e-05
ccajeros_propios_descuentos	2.25518534962006e-06	0.000114013820859516	2.49993750156246e-05
minversion2	2.17606732862415e-06	4.85129444427282e-05	2.49993750156246e-05
minversion1_pesos_delta1	2.12880012436869e-06	7.67027685563938e-05	2.49993750156246e-05
mcheques_emitidos_lag1	1.95003867122093e-06	3.55139362477565e-05	4.99987500312492e-05
cseguro_auto	1.76985934471106e-06	0.000189019677786324	4.99987500312492e-05
ccajeros_propios_descuentos_delta1	1.64541432083581e-06	0.000133853859590058	2.49993750156246e-05
cpagodeservicios_lag1	1.55455040475754e-06	0.00017969103956272	4.99987500312492e-05
Master_madelantopesos	1.3337545813537e-06	2.21849973233604e-06	2.49993750156246e-05
minversion1_dolares_lag1	1.14977817605602e-06	0.000157163859440408	2.49993750156246e-05
mv_status04_mean6	6.24291690608546e-07	6.45386513849521e-05	7.49981250468738e-05
Visa_madelantopesos_mean6	5.56905432326752e-07	0.000153998449763146	2.49993750156246e-05
cseguro_vivienda	5.50933778727154e-07	6.97449057863986e-06	2.49993750156246e-05
minversion1_dolares_mean6	4.07672432330956e-07	0.000136632891503286	2.49993750156246e-05
ctarjeta_visa_mean6	9.03924279684382e-08	5.06382409318714e-05	9.99975000624984e-05
mv_status06	2.48646707816334e-08	9.16804859800881e-05	0.000199995000124997
ctarjeta_master	4.82557423733022e-09	1.28357931259064e-05	4.99987500312492e-05
Visa_status	1.55496259473412e-09	6.36092443964941e-05	0.000149996250093748
ctarjeta_visa	4.4542859803802e-10	0.000148600100414461	4.99987500312492e-05
mv_status05	3.10912040586834e-10	5.72714238593826e-05	0.000124996875078123
Visa_cadelantosefectivo	7.57043995585739e-11	4.62747538843655e-05	2.49993750156246e-05
Master_status_delta1	4.38130951222661e-11	6.1973593114547e-06	2.49993750156246e-05
Master_cadelantosefectivo_delta1	5.34110664910561e-12	1.70662577042545e-05	2.49993750156246e-05
mv_status01_delta1	4.86693351738212e-12	8.12224694903778e-06	2.49993750156246e-05
mv_msaldodolares	1.21121362999304e-12	0.000575136647769016	0.00032499187520312
Master_madelantopesos_lag1	2.16757059100617e-13	3.7889525014394e-06	2.49993750156246e-05
Master_madelantopesos_delta1	1.07986284103282e-13	3.06389252974693e-06	2.49993750156246e-05
cseguro_vida_lag1	2.37535441436585e-14	1.92077444281307e-05	4.99987500312492e-05
mpagodeservicios_mean6	2.30223925161759e-14	0.000411813935521384	0.000274993125171871
ccajas_consultas_lag1	1.3309062304552e-14	7.12978555990339e-05	4.99987500312492e-05
ctarjeta_visa_delta1	6.19171472229995e-15	8.39227380994992e-05	2.49993750156246e-05
Master_madelantopesos_mean6	2.40377322050686e-15	5.92343804272839e-06	4.99987500312492e-05
ctarjeta_visa_descuentos_lag1	1.66222898492844e-15	3.32726826720118e-05	2.49993750156246e-05
cinversion1	9.53987319644189e-16	4.87540476680767e-05	4.99987500312492e-05
