Feature	Gain	Cover	Frequency
ctrx_quarter_normalizado	0.236739377749073	0.0143405232050569	0.00549693794731794
mcaja_ahorro	0.0468070090842427	0.00701179619695881	0.00913081974470597
mcuentas_saldo	0.0463338449109642	0.00894051340740298	0.0105511694827713
ctrx_quarter	0.0418103998049598	0.00466927034697227	0.00365232789788239
mtarjeta_visa_consumo	0.0285906879197834	0.0128872303353284	0.00868811333284144
cpayroll_trx	0.0238609877762029	0.0114273918948941	0.00400280380727514
mpayroll_sobre_edad	0.0169583898126757	0.0121426092994543	0.00381834280233159
foto_mes	0.0164220673821473	0.0221079392947078	0.0187781303032539
Visa_Finiciomora_mean6	0.015309723112579	0.0066207946056752	0.0018630561499299
mprestamos_personales	0.0152390394276588	0.0104294808897928	0.00612410536412602
mpasivos_margen	0.0124431692512799	0.00569852628274786	0.00568139895226149
mv_Finiciomora	0.0106381573740694	0.00662954156089524	0.00175237954696377
mv_Finiciomora_lag1	0.0102833904844499	0.00926233524862776	0.00339408249096141
mpayroll	0.00982674292687503	0.00780721484910559	0.00367077399837674
mprestamos_personales_mean6	0.00886419892210878	0.00347206187607726	0.00315428318453479
mcuenta_corriente	0.00815870828609097	0.00246397139559593	0.00542315354534052
mactivos_margen	0.00696745200912163	0.00826398112238447	0.00992400206596326
ctarjeta_visa_trx	0.00691402067432557	0.0047734522098593	0.00608721316313731
cliente_vip_lag1	0.00655213978752417	0.00536422792463	0.00221353205932266
mpasivos_margen_mean6	0.0063342394438996	0.00187718794548409	0.00392901940529772
mv_Finiciomora_mean6	0.00605113562954202	0.00576561870086811	0.00226887036080573
mdescubierto_preacordado	0.00596950013731384	0.00228206171191513	0.00134656533608795
mv_status07	0.00588587959025013	0.000250717418576818	0.000258245406920977
mv_mpagospesos	0.00577655856174565	0.00122359246829235	0.00162325684350328
mrentabilidad_annual_delta1	0.00559463241736354	0.00739363183838676	0.0115657050099609
mv_Finiciomora_delta1	0.00545490472929782	0.00538921315067539	0.00138345753707666
ctrx_quarter_normalizado_delta1	0.00526463431715445	0.0039405168403006	0.00560761455028407
mprestamos_personales_delta1	0.00483202515505029	0.00912299901413916	0.00510956983693647
mactivos_margen_mean6	0.00455142088393353	0.0033789583955013	0.00665904227846233
cprestamos_personales_mean6	0.00452780760361683	0.0023438335632338	0.00280380727514204
mcaja_ahorro_lag1	0.00446321430220997	0.00306289111518397	0.00522024643990261
mrentabilidad_mean6	0.00423672034357447	0.00332033303682626	0.00540470744484616
mcuenta_corriente_delta1	0.00418464544602387	0.00744106752151165	0.00664059617796798
mv_mpagominimo	0.00390467655489634	0.00444942311168625	0.0033571902899727
mcuenta_corriente_mean6	0.00386269386676186	0.00569843805473188	0.00986866376448019
mv_msaldototal	0.00375384662411905	0.000770820935999964	0.00118055043163875
ccaja_ahorro	0.0036428474558939	0.00789888269642395	0.00273002287316461
ctrx_quarter_delta1	0.00357887130103993	0.00340327621587329	0.00647458127351878
cliente_edad_mean6	0.00357746736132555	0.00778595430283019	0.00975798716151406
mcuenta_corriente_lag1	0.00352222258355754	0.00259744212969909	0.00520180033940825
mcuentas_saldo_delta1	0.00351478700630848	0.00680276428723695	0.0087434516343245
mvr_msaldopesos2	0.00346420551743403	0.00161466672210395	0.00370766619936545
cproductos	0.00318908188947149	0.00744794817472248	0.00651147347450749
mcomisiones_mantenimiento	0.0030873795365558	0.00405243001031676	0.0041872648122187
mvr_mpagospesos	0.00303215545117618	0.00238393867979292	0.00226887036080573
chomebanking_trx_mean6	0.00303042322800326	0.00307504514346691	0.00595809045967682
mrentabilidad_annual_mean6	0.00291436382925096	0.00635898260252936	0.0065483656754962
mautoservicio	0.00288757190986704	0.00534606399068446	0.00260090016970412
mactivos_margen_delta1	0.00281974131899765	0.00366199316323807	0.00680661108241718
mcaja_ahorro_mean6	0.00268649511285683	0.00261113883934562	0.00518335423891389
ccomisiones_mantenimiento_mean6	0.00267650860433375	0.00677851672381754	0.00486977053050985
cliente_edad_lag1	0.00262320601655671	0.00729359414517086	0.00831919132295433
Visa_Finiciomora	0.00260235258543557	0.0036440057560767	0.00106987382867262
mcuentas_saldo_lag1	0.00250581937657401	0.00728400835165296	0.00575518335423891
mcaja_ahorro_dolares_delta1	0.00243232709823046	0.00739991138075256	0.00398435770678079
thomebanking_mean6	0.00238815210572603	0.00155326787647915	0.00332029808898399
mprestamos_personales_lag1	0.00237399184563919	0.00123472893817449	0.00105142772817826
chomebanking_trx_delta1	0.00235589865471267	0.00729476325482285	0.00579207555522763
cliente_edad	0.00233903693909635	0.00430507705413798	0.00625322806758651
mcuenta_debitos_automaticos	0.0023240775930463	0.00855942130103511	0.00357854349590497
mv_mpagospesos_mean6	0.00231897622774537	0.00105831351799073	0.00171548734597506
mtransferencias_emitidas_mean6	0.0022985234692019	0.003503993130383	0.00616099756511474
cprestamos_personales_delta1	0.00227297505024949	0.0047292562708015	0.00127278093411053
mtransferencias_recibidas	0.00221314649362224	0.00367894214009429	0.00359698959639932
mrentabilidad_delta1	0.00220061186764104	0.00274717087449645	0.00641924297203571
mcomisiones_otras_mean6	0.0021930243909291	0.00309808022612463	0.00376300450084852
ctransferencias_recibidas_mean6	0.00213327911048544	0.00376131802785654	0.00592119825868811
mtarjeta_visa_debitos_automaticos_mean6	0.00211919025722635	0.0022383658495349	0.0040212499077695
Visa_fechaalta_mean6	0.0021019144023125	0.0012234957500102	0.0031911753855235
mcaja_ahorro_delta1	0.00209540003328384	0.0062461960671329	0.00462997122408323
mcuentas_saldo_mean6	0.00207691167763575	0.00396001997223046	0.0038552350033203
cpayroll_trx_mean6	0.0020599891784225	0.000790282324121138	0.00114365823065004
mcomisiones_mantenimiento_mean6	0.00202033771054446	0.00206706107432162	0.00356009739541061
mcomisiones_mean6	0.00201939469143514	0.00165230867094192	0.00320962148601786
mrentabilidad	0.00191562465616954	0.0022065109368725	0.00498044713347598
Visa_mpagospesos_mean6	0.00190771417679014	0.00311145848003747	0.00389212720430901
mpagomiscuentas	0.00187452118398375	0.00659194043608712	0.00237954696377186
mtransferencias_recibidas_lag1	0.00187010022480128	0.00613956914909256	0.00427949531469047
mrentabilidad_annual_lag1	0.00179835685034481	0.00175643690364763	0.00461152512358887
tmobile_app_delta1	0.00179533960153006	0.000910548430254696	0.00249022356673799
mrentabilidad_annual	0.00177165485577779	0.0014660184344293	0.00356009739541061
cprestamos_personales	0.00176555023685305	0.00150454464448916	0.00112521213015569
cproductos_delta1	0.0017257668289049	0.00549284611785435	0.00130967313509924
ccomisiones_otras_mean6	0.00167554412951136	0.00296085856317857	0.00444551021913967
mactivos_margen_lag1	0.00166655167058033	0.00228128018291393	0.00446395631963403
mdescubierto_preacordado_delta1	0.00165243614400381	0.00519925738324711	0.00118055043163875
Visa_mpagominimo	0.00164654511088923	0.00252213707710994	0.00328340588799528
mcomisiones	0.00162911657278648	0.00254431117602552	0.00328340588799528
mpasivos_margen_delta1	0.00158945240026852	0.00182180042056624	0.00464841732457759
mv_msaldopesos	0.00158387552399089	0.000830910865589808	0.00119899653213311
mcaja_ahorro_dolares_mean6	0.00157510478647088	0.00216303744871378	0.00396591160628643
ctarjeta_master_mean6	0.00156934321180185	1.98108333264001e-05	5.53383014830665e-05
mvr_mpagominimo_lag1	0.00156165402432727	0.0023701412189878	0.00398435770678079
numero_de_cliente	0.00156007627586339	0.00209116508149048	0.00492510883199292
mtransferencias_emitidas_lag1	0.00150871303535363	0.00236102040904729	0.00431638751567919
ctarjeta_visa_debitos_automaticos_mean6	0.00149495090233888	0.00615356690942713	0.00413192651073563
Visa_cconsumos_mean6	0.00147554868467146	0.00216223271298504	0.00378145060134288
Master_fultimo_cierre_mean6	0.00144896704835425	0.0020585142771266	0.00392901940529772
ctarjeta_master	0.00143411439412629	0.000100949689307285	0.000147568803954844
chomebanking_trx	0.00141829481532964	0.00199271584632329	0.0036892200988711
mv_status05_mean6	0.00140303713870599	7.71375350381045e-05	0.00020290710543791
Master_Fvencimiento_mean6	0.00139045838257213	0.00138733015227474	0.00409503430974692
mrentabilidad_lag1	0.00136447657762099	0.0014802835673961	0.00398435770678079
Visa_mpagospesos_delta1	0.00135292653322989	0.00238066844151983	0.00398435770678079
mpasivos_margen_lag1	0.0013440718850796	0.0014531393374152	0.00403969600826385
chomebanking_trx_lag1	0.00133130400559984	0.00140681212929138	0.00424260311370176
mv_status07_delta1	0.00131835229362749	0.00210190477293348	0.000627167416808087
Visa_mpagominimo_delta1	0.00130639010043581	0.0010228744394635	0.00215819375783959
mpayroll_mean6	0.00130471294034066	0.00405406884394475	0.00341252859145577
mtransferencias_emitidas_delta1	0.00130228981217598	0.00815753115564161	0.00533092304286874
Visa_mconsumospesos	0.00129765232594111	0.00160619930889765	0.00370766619936545
cproductos_mean6	0.00129086732784217	0.00193200888663934	0.0041872648122187
mv_cconsumos_mean6	0.00128684652709803	0.00271178960053141	0.00306205268206301
Master_Fvencimiento	0.00128401809174818	0.00131961596366177	0.0040212499077695
mtransferencias_recibidas_mean6	0.00126067557628885	0.00214621242974368	0.00372611229985981
Master_fechaalta	0.00125351118404046	0.00752830422816223	0.0043532797166679
mv_Fvencimiento	0.00122033573050679	0.00126519639983983	0.0033571902899727
ctrx_quarter_mean6	0.00118636857648285	0.0016671328879362	0.00247177746624364
Visa_Fvencimiento	0.00118293302195225	0.0015293909839304	0.00317272928502914
ccaja_seguridad	0.0011787376039389	0.00482598084990013	0.00134656533608795
mcomisiones_delta1	0.00116161148713662	0.00160542690693259	0.00346786689293883
mv_fechaalta_mean6	0.0011597569450362	0.00133569589102299	0.00284069947613075
mv_fultimo_cierre_mean6	0.00115949040976694	0.00165557721116178	0.00320962148601786
cliente_antiguedad_mean6	0.00115916629796086	0.00175910525280129	0.00394746550579208
mcomisiones_mantenimiento_lag1	0.00114419993412426	0.0056534610819384	0.00309894488305172
Visa_fultimo_cierre_mean6	0.00114413239674723	0.00154768948859478	0.00337563639046706
Master_mfinanciacion_limite	0.00113374793702971	0.00244360657240176	0.0028591455766251
mcomisiones_otras	0.00113070225914513	0.00237153008502923	0.00265623847118719
Visa_fechaalta	0.00112897961588761	0.00122604410340195	0.00337563639046706
cmobile_app_trx_mean6	0.00112403621479703	0.00139862921075409	0.00346786689293883
ccajas_consultas_mean6	0.00111373786648419	0.00857184737159667	0.00304360658156866
mv_fechaalta	0.00110732621727521	0.00111982988304982	0.00278536117464768
ctransferencias_emitidas_mean6	0.00110664487426205	0.00163590250510301	0.00306205268206301
mv_status02_mean6	0.00110468417431275	0.000334266024354182	0.00036892200988711
cliente_antiguedad	0.0010885451448099	0.00236403968920276	0.00309894488305172
mcomisiones_otras_delta1	0.0010854661255358	0.00171635039492187	0.0031911753855235
ctarjeta_debito_mean6	0.00107385811888781	0.00164001908140909	0.00332029808898399
tcallcenter	0.00107060866192372	0.00239420051075483	0.00142034973806537
cmobile_app_trx_delta1	0.00105017474495854	0.00400029899774168	0.00289603777761381
mvr_mpagominimo	0.0010457033548477	0.00363276032777868	0.00372611229985981
Master_fultimo_cierre	0.00103837272704149	0.00191813409365984	0.00306205268206301
Visa_mconsumospesos_lag1	0.0010311180848841	0.000944840615326426	0.00250866966723235
cmobile_app_trx_lag1	0.00103088892831833	0.00308286559839085	0.0031911753855235
mcomisiones_otras_lag1	0.00101169885786607	0.00106611479906356	0.00274846897365897
internet_mean6	0.00100898557268123	0.000943755700813985	0.00212130155685088
mvr_msaldopesos_lag1	0.00100430733647721	0.00176230410208631	0.00182616394894119
Visa_mconsumospesos_delta1	0.00100055881051396	0.00137091415187751	0.00276691507415332
Visa_mpagospesos	0.000998040263681345	0.00239331320718756	0.00420571091271305
Master_Fvencimiento_lag1	0.000993979328175921	0.00130195408745591	0.00337563639046706
Master_mpagominimo	0.000989802694978413	0.00295856428100204	0.00232420866228879
Master_fechaalta_mean6	0.000989664915112586	0.00159113609091062	0.00348631299343319
mcomisiones_lag1	0.000987502357906198	0.000963890013281567	0.00230576256179444
Visa_mfinanciacion_limite	0.000982554762223279	0.00119718512266303	0.00228731646130008
Visa_cconsumos	0.000979575682617723	0.00125924210542067	0.00239799306426621
internet	0.000973210007823954	0.000951906568596477	0.00182616394894119
tcallcenter_mean6	0.000970276656171782	0.00221545026737357	0.00247177746624364
Visa_fechaalta_lag1	0.000963794553467965	0.00103736180514737	0.00265623847118719
Visa_fultimo_cierre	0.000960430140358116	0.00116492104992332	0.00289603777761381
Visa_Fvencimiento_lag1	0.000957305234277849	0.000899130366544494	0.00258245406920977
mv_fechaalta_lag1	0.000955971392782567	0.00127185071670494	0.00250866966723235
mpayroll_sobre_edad_delta1	0.00095460496047384	0.00605063474296851	0.00237954696377186
Visa_mconsumosdolares_mean6	0.000949398136924779	0.00104686729489772	0.00260090016970412
cliente_antiguedad_lag1	0.000930851021588134	0.00118586922515578	0.00263779237069284
tmobile_app_mean6	0.000926534114320543	0.000937720890370614	0.00267468457168155
mtarjeta_visa_debitos_automaticos	0.000925938348489483	0.000974263278986994	0.0020290710543791
Master_fultimo_cierre_lag1	0.000921873608811713	0.00106055162290609	0.00254556186822106
ctrx_quarter_normalizado_mean6	0.000918533162913848	0.000771710786647086	0.00112521213015569
ctarjeta_visa_trx_delta1	0.000909815736136386	0.00376880552284207	0.00210285545635653
mv_status06_mean6	0.0009090916638449	3.20025725415941e-05	7.3784401977422e-05
Visa_mconsumospesos_mean6	0.000903970366374803	0.00165570682922535	0.00274846897365897
ccomisiones_mantenimiento_delta1	0.000903266119580456	0.00224928666665626	0.00108831992916697
mvr_mpagominimo_delta1	0.000902055868869012	0.00411862585632917	0.00258245406920977
mv_Fvencimiento_mean6	0.000888542303950625	0.0009849631369312	0.00265623847118719
Visa_Fvencimiento_mean6	0.000886430903334424	0.000833863497155817	0.00261934627019848
mextraccion_autoservicio_mean6	0.000877270801043293	0.000709487040911377	0.00217663985833395
mv_mpagospesos_delta1	0.000876636276395046	0.00208469075826824	0.00228731646130008
mv_cconsumos	0.000861982717343111	0.000741004606997853	0.00127278093411053
cextraccion_autoservicio_mean6	0.000858900433519988	0.00207635091131118	0.00295137607909688
Visa_mpagominimo_lag1	0.000852831002983706	0.000907526886028251	0.00256400796871541
Visa_Finiciomora_lag1	0.000844937039854934	0.00216456951724465	0.000645613517302442
Master_mlimitecompra	0.000843234243946842	0.000968465842235369	0.00208440935586217
ccomisiones_otras_lag1	0.000839786964516534	0.00510886477390789	0.0028591455766251
mtransferencias_recibidas_delta1	0.000835954627986796	0.00463424389538103	0.00267468457168155
ccomisiones_mantenimiento	0.000830338538835526	0.00319569875949904	0.00127278093411053
Master_mfinanciacion_limite_lag1	0.00082961236316226	0.00476846969715582	0.00212130155685088
Visa_mpagospesos_lag1	0.000819738810393563	0.00138541163512857	0.00261934627019848
ctarjeta_visa_trx_lag1	0.000813052475964907	0.00299516539395945	0.00324651368700657
cproductos_lag1	0.000812694265230804	0.00164482924170926	0.00223197815981701
ctransferencias_recibidas	0.000808943630091295	0.00535792206243907	0.00237954696377186
Master_fechaalta_lag1	0.000808506202566057	0.00119546322593098	0.00282225337563639
internet_lag1	0.000805338664339543	0.000963633748747586	0.00143879583855973
mtarjeta_visa_consumo_delta1	0.000805313324064198	0.00177135324002988	0.00237954696377186
mv_msaldopesos_mean6	0.000799165028763103	0.00267906627514397	0.00225042426031137
mv_status04	0.000797987792362763	0.000169847279520301	0.000166014904449199
mcaja_ahorro_dolares	0.000794617390698172	0.00140887653751129	0.00232420866228879
ccajas_trx_mean6	0.000791464269024261	0.00306405824377385	0.00343097469195012
mv_Fvencimiento_lag1	0.000790689049466762	0.000750870650051677	0.00226887036080573
mv_status01_mean6	0.000789455298007435	0.0054358713376755	0.00143879583855973
mv_msaldototal_mean6	0.000785006670006731	0.00225884465455245	0.00156791854202022
Visa_mpagado_mean6	0.000783763214112499	0.00250740568702582	0.00197373275289604
mv_mpagominimo_mean6	0.000781619462873082	0.00193775064139532	0.0026931306721759
mtarjeta_visa_consumo_lag1	0.00078077161749737	0.0014860696130406	0.00204751715487346
ccallcenter_trx_mean6	0.000777364643402467	0.00195521667546146	0.00295137607909688
ccaja_ahorro_mean6	0.000775793716610555	0.00109066001706454	0.00184461004943555
cpagomiscuentas_mean6	0.000773133377784654	0.00167573713593231	0.00215819375783959
cmobile_app_trx	0.000765951595476522	0.0016377581942795	0.00199217885339039
Visa_mlimitecompra	0.000762038070736666	0.000932998038307586	0.0020290710543791
ctrx_quarter_lag1	0.000762009446718727	0.00157971540936835	0.00260090016970412
mvr_msaldopesos2_mean6	0.000756697897586967	0.00140006088188747	0.00398435770678079
ctarjeta_visa_trx_mean6	0.000751511571517406	0.000738198644779978	0.00177082564745813
ccomisiones_otras	0.000749841484507453	0.000807018761314168	0.0018630561499299
mv_mfinanciacion_limite_mean6	0.000746675308627857	0.00065746753383204	0.00195528665240168
Visa_mfinanciacion_limite_mean6	0.000744213636939759	0.00104600291504912	0.00221353205932266
Master_mfinanciacion_limite_mean6	0.000742672562097781	0.00078698555376626	0.00178927174795248
mpagomiscuentas_mean6	0.000736763205736926	0.00133863989081839	0.00208440935586217
mvr_mpagospesos_mean6	0.00073597698548805	0.00110394975995253	0.00195528665240168
mpayroll_lag1	0.000733036147691359	0.0012780832088457	0.0013281192355936
cplazo_fijo	0.000726633637120712	0.00298203434829667	0.000756290120268575
mforex_sell_mean6	0.000726430636988896	0.00416660272317035	0.00217663985833395
Master_mlimitecompra_mean6	0.000715882039123808	0.000739366763900912	0.00177082564745813
mv_fultimo_cierre	0.000710839038186532	0.00105721325024696	0.0020290710543791
mvr_msaldopesos2_delta1	0.000709399880204901	0.000904446334451906	0.00201062495388475
Master_msaldototal	0.000707666850353844	0.00206483443126559	0.00142034973806537
mv_fultimo_cierre_lag1	0.000707283224953399	0.000844134455153863	0.0020290710543791
Visa_mpagominimo_mean6	0.000706737752954781	0.00158921955482656	0.00206596325536782
mvr_msaldototal	0.00070662118754745	0.00129418372510239	0.00164170294399764
mtarjeta_visa_debitos_automaticos_delta1	0.000695852418196461	0.0039711001940992	0.0020290710543791
mcaja_ahorro_dolares_lag1	0.000691293691319323	0.00113153088488022	0.00217663985833395
Visa_delinquency_mean6	0.000689601670017051	0.00445447135320035	0.00195528665240168
Visa_mlimitecompra_mean6	0.000671843720273456	0.000711642011970457	0.0018630561499299
mv_mpagominimo_delta1	0.000669873014597975	0.0020501875193299	0.00167859514498635
internet_delta1	0.000663015641725514	0.000500191083911546	0.0013281192355936
ctransferencias_emitidas_delta1	0.000662421780335589	0.00119991205465328	0.00154947244152586
mdescubierto_preacordado_mean6	0.000657500917014222	0.000645991948568517	0.000664059617796798
mvr_mpagospesos_delta1	0.000651049321009276	0.00153893828824165	0.00171548734597506
Visa_cconsumos_lag1	0.000649381557797266	0.000781321343441329	0.00177082564745813
Visa_msaldototal_mean6	0.000645472005796845	0.00112837752927145	0.00156791854202022
Visa_msaldopesos	0.000641072583661023	0.000797871843805176	0.00158636464251457
mvr_mpagospesos_lag1	0.000639589777859581	0.000944114343807565	0.00184461004943555
ccallcenter_trx	0.00063785007819605	0.0036484877675893	0.00156791854202022
catm_trx_mean6	0.000636764991609912	0.000938584491944818	0.00197373275289604
mvr_msaldototal_lag1	0.00063471762177086	0.000623414420505291	0.00130967313509924
Master_msaldopesos	0.000633050587720449	0.00601469863010908	0.00177082564745813
mvr_mconsumospesos_mean6	0.000632845722382279	0.000759458695789848	0.00180771784844684
mautoservicio_mean6	0.000632670451045015	0.000788170724171757	0.0021950859588283
ctarjeta_debito_trx_mean6	0.000627736352391201	0.00149185870103049	0.00267468457168155
mtransferencias_emitidas	0.000625596107534974	0.00239969512801296	0.00427949531469047
mvr_msaldopesos	0.000623580375856472	0.00153155748760103	0.00160481074300893
mplazo_fijo_dolares	0.000621589189524742	0.0048956894727893	0.000977643326200841
mpagomiscuentas_lag1	0.000621133547269262	0.00282567463486618	0.00160481074300893
mvr_msaldopesos2_lag1	0.000620372737425699	0.00115875464035427	0.0023611008632775
mv_mpagominimo_lag1	0.000605923292843767	0.00101646669407849	0.00169704124548071
Visa_fechaalta_delta1	0.000605245356399619	0.00108897208139718	0.000774736220762931
mcuenta_debitos_automaticos_mean6	0.000602102497306645	0.00129692466603183	0.0021950859588283
Visa_msaldototal	0.00059150389199731	0.000799551925976326	0.00129122703460488
mv_mlimitecompra_mean6	0.000588630165434177	0.000462941456122975	0.00110676602966133
Visa_msaldototal_delta1	0.000582536813377513	0.000822980320214498	0.00153102634103151
mvr_mconsumospesos	0.000582199333549421	0.00053272903848755	0.00145724193905408
mplazo_fijo_dolares_delta1	0.000581537974795665	0.0046071495457139	0.000903858924223419
ccomisiones_otras_delta1	0.000579955379767873	0.000649183581127289	0.00130967313509924
mcomisiones_mantenimiento_delta1	0.000578837536017572	0.00184946984426214	0.00110676602966133
mvr_mpagominimo_mean6	0.000577748982073008	0.00251691825199799	0.00403969600826385
ctrx_quarter_normalizado_lag1	0.000576613441016445	0.00105525355530986	0.00195528665240168
mvr_mconsumosdolares_mean6	0.000574788791679796	0.000594958090639617	0.00162325684350328
thomebanking	0.000571698436253684	0.00104736652254868	0.000959197225706486
Visa_cconsumos_delta1	0.000569081754021871	0.000940358391557178	0.0013281192355936
mpayroll_delta1	0.000568948817137489	0.00425504886823725	0.00189994835091862
mvr_Visa_mlimitecompra_mean6	0.000564000655187096	0.000817589637964766	0.00164170294399764
Visa_msaldopesos_mean6	0.000562420969664674	0.000561534106036269	0.00119899653213311
Visa_mconsumosdolares_lag1	0.000553603723503836	0.000610426718836402	0.00177082564745813
ctarjeta_visa_debitos_automaticos_delta1	0.000549323843394672	0.00169837890700958	0.000793182321257286
mtarjeta_visa_debitos_automaticos_lag1	0.000547737948748616	0.00170631313150023	0.00178927174795248
mv_status06_delta1	0.000533019919339527	0.00248921217865311	0.000553383014830665
mvr_mconsumospesos_delta1	0.000532284838038499	0.0016436614055972	0.00158636464251457
Master_mpagospesos_mean6	0.000527346079725571	0.00140070854769201	0.00189994835091862
matm_mean6	0.000525874474478899	0.000762698298352496	0.00173393344646942
Visa_msaldopesos_delta1	0.000525657309462764	0.000853005792773332	0.00156791854202022
Visa_fultimo_cierre_lag1	0.000525183622899347	0.000980303678855596	0.00193684055190733
cliente_vip_delta1	0.000517180859308735	0.00012388218124875	0.000147568803954844
Master_mpagominimo_lag1	0.000516282691044888	0.00117637958390228	0.00112521213015569
tmobile_app	0.000509283400295409	0.000516690147412829	0.00110676602966133
mpayroll_sobre_edad_mean6	0.000502754662217059	0.00191599709366416	0.00217663985833395
Master_mpagospesos	0.000502429048928704	0.00195825038906942	0.00147568803954844
mextraccion_autoservicio_lag1	0.000501443363896747	0.000581874802724067	0.00171548734597506
mvr_Master_mlimitecompra	0.000497610469551379	0.000663535314809048	0.00142034973806537
mtarjeta_master_consumo	0.000493517658590447	0.00145744029400166	0.000756290120268575
mvr_mconsumospesos_lag1	0.000493407011134819	0.00102326584073406	0.00154947244152586
Visa_msaldopesos_lag1	0.000491907731675155	0.000525502123921307	0.00125433483361617
mv_mpagospesos_lag1	0.000490880875039215	0.000893571223263451	0.00129122703460488
Visa_Finiciomora_delta1	0.00048809163455717	0.00122180944164385	0.000295137607909688
Visa_mlimitecompra_lag1	0.000482114628238092	0.000640233354784632	0.00123588873312182
Visa_mconsumosdolares_delta1	0.000479289162557629	0.00108623680064519	0.00154947244152586
mautoservicio_lag1	0.00047552946719993	0.00072576344718228	0.00164170294399764
ccuenta_debitos_automaticos	0.000470946836626733	0.00118489673591791	0.000885412823729064
mv_mconsumospesos_mean6	0.00046749349977039	0.00198780302455465	0.00151258024053715
mcuenta_debitos_automaticos_delta1	0.000467473819529232	0.00438601808691704	0.00167859514498635
mvr_msaldopesos_mean6	0.000458508958697535	0.000480873818058655	0.00138345753707666
Master_mpagominimo_mean6	0.000454547676685645	0.00113680440145677	0.00149413414004279
Master_fultimo_cierre_delta1	0.000453205673868361	0.000462784598455434	0.00114365823065004
Master_mpagospesos_delta1	0.000449850285768956	0.00283310206121854	0.00119899653213311
cprestamos_hipotecarios_mean6	0.000446525191931932	0.00363635397444073	0.000590275215819376
ccaja_seguridad_mean6	0.000445577329167641	0.000259592223054973	0.000276691507415332
Master_cconsumos_mean6	0.000445367659432194	0.0010183830179059	0.00158636464251457
ccuenta_debitos_automaticos_mean6	0.000445027408159861	0.00279090557984442	0.00175237954696377
ccaja_seguridad_lag1	0.000441515678129604	0.00257416755078308	0.000608721316313731
mautoservicio_delta1	0.000439644023575508	0.00146825307248597	0.00140190363757102
mplazo_fijo_dolares_mean6	0.000439539564399653	0.00236888239552326	0.00094075112521213
Master_Fvencimiento_delta1	0.00043738405132739	0.000211746389321723	0.000553383014830665
mv_msaldopesos_delta1	0.000429233238364644	0.00258757601589305	0.00123588873312182
mvr_Visa_mlimitecompra	0.000423435465850127	0.000399967241609813	0.00134656533608795
Master_mconsumospesos_mean6	0.000417010864551397	0.000853099680966759	0.00136501143658231
Visa_status_delta1	0.000412043520226698	0.00269014303015402	0.000885412823729064
ctarjeta_visa_debitos_automaticos_lag1	0.000399140031608025	0.00104725692736283	0.00101453552718955
mvr_msaldototal_delta1	0.000394549878311292	0.00328634310523028	0.00204751715487346
mv_status05_delta1	0.000394426845666033	0.00246652710721836	0.00057182911532502
Visa_msaldototal_lag1	0.000387655388997224	0.000407014728550939	0.00127278093411053
Visa_mconsumosdolares	0.000383704055513894	0.000534281342152801	0.00127278093411053
mv_fechaalta_delta1	0.000380874257869769	0.000697620125129509	0.000534936914336309
tpaquete7_mean6	0.000378722514297465	0.00495920996517846	0.000830074522245997
Visa_mfinanciacion_limite_lag1	0.000370675197110663	0.000556444969740106	0.00103298162768391
mtarjeta_visa_consumo_mean6	0.000369048364138909	0.000513597497207188	0.00119899653213311
Master_mpagominimo_delta1	0.000365733231893833	0.00155811044129521	0.00101453552718955
ctransferencias_recibidas_lag1	0.000364533352302201	0.000933765487617385	0.00154947244152586
mextraccion_autoservicio_delta1	0.000354773606913082	0.00140952922672332	0.00101453552718955
mvr_msaldopesos_delta1	0.000352239156682626	0.000912341998983689	0.00105142772817826
Master_msaldototal_mean6	0.00035063136725337	0.00045308482311416	0.00121744263262746
ccajas_depositos_mean6	0.000344114259527749	0.00515333218922657	0.0011621043311444
Visa_status_mean6	0.000343065195071304	0.000592530086770866	0.000221353205932266
Master_msaldototal_delta1	0.000342118117839915	0.0041850203038178	0.00105142772817826
mvr_Master_mlimitecompra_mean6	0.000339229153589692	0.000468574747728594	0.00114365823065004
ccajas_extracciones_mean6	0.000335911595348126	0.00128665116095393	0.00118055043163875
mv_status04_delta1	0.000330704619479171	0.00105727466317228	0.000350475909392754
mvr_msaldototal_mean6	0.000322499906515814	0.000616095457303291	0.00125433483361617
mv_mfinanciacion_limite	0.000321720657542633	0.000313185188712776	0.000977643326200841
mv_cconsumos_delta1	0.000320714453009667	0.00161116123270566	0.00094075112521213
cseguro_accidentes_personales_mean6	0.000319372032018706	0.000973641083980968	0.000848520622740353
ctarjeta_debito_trx_lag1	0.000317894081606756	0.00183754349661706	0.00160481074300893
Master_fechaalta_delta1	0.000310153677861556	0.000173033605662715	0.000534936914336309
mvr_Master_mlimitecompra_lag1	0.000308069231161541	0.000649095919129055	0.000903858924223419
Visa_mpagosdolares_mean6	0.000307604849888982	0.000692680771279076	0.000959197225706486
mv_mconsumosdolares_mean6	0.000299995521933416	0.00059089726708141	0.00094075112521213
ctarjeta_visa_descuentos_mean6	0.000297455679020671	0.0048219687746202	0.000996089426695197
mv_msaldototal_delta1	0.000296438681565763	0.00107927138627707	0.00103298162768391
mv_fultimo_cierre_delta1	0.000294165273358232	0.000247435718444396	0.000866966723234708
ctarjeta_debito_trx_delta1	0.000291549237184349	0.000991531843612401	0.00101453552718955
ctransferencias_emitidas	0.000286256379329863	0.000823622821107121	0.0011621043311444
mv_cconsumos_lag1	0.00028584804685796	0.000816579791555736	0.000903858924223419
mv_mlimitecompra_lag1	0.000284948111444692	0.000415510018131173	0.000682505718291153
mv_mconsumospesos_lag1	0.000284118391827558	0.000437353421179329	0.000903858924223419
ccheques_depositados_lag1	0.000284033522540509	0.00385422071363752	0.000608721316313731
mv_msaldopesos_lag1	0.000282269784206296	0.000342242275662389	0.000885412823729064
cextraccion_autoservicio_lag1	0.000279956186308405	0.000604864108696671	0.000811628421751642
mvr_msaldodolares2_mean6	0.000273744440970984	0.000423933918723337	0.000774736220762931
ctarjeta_debito_trx	0.00027348716847629	0.00093576409627445	0.0011621043311444
mvr_mpagado_mean6	0.000272508623383623	0.000637956194644883	0.000903858924223419
mv_Fvencimiento_delta1	0.00027129788904087	0.000526344712086734	0.000534936914336309
mv_mconsumospesos_delta1	0.000268024192266291	0.000369733333016439	0.000719397919279864
Master_msaldopesos_mean6	0.000267988194265152	0.000297243228176861	0.000866966723234708
mv_mconsumospesos	0.000262981132628601	0.000367775406884785	0.000866966723234708
mextraccion_autoservicio	0.000253612247745987	0.000283643307564698	0.00073784401977422
ctransferencias_recibidas_delta1	0.000250576468372538	0.000422617502953253	0.000756290120268575
Visa_Fvencimiento_delta1	0.000247795046451121	0.000241740730904589	0.000534936914336309
mv_status01	0.00024262994944742	0.000866744246228546	0.000387368110381465
cforex_mean6	0.000239255235105157	0.000411174463710059	0.000774736220762931
Master_mlimitecompra_lag1	0.000238976897470238	0.000282698906957416	0.000811628421751642
ctransferencias_emitidas_lag1	0.000238524823911756	0.00128164261143419	0.000996089426695197
Visa_fultimo_cierre_delta1	0.000237518371243669	0.000226667466102583	0.000700951818785509
Master_msaldopesos_delta1	0.000236999562844045	0.000739698874812703	0.00057182911532502
Master_msaldototal_lag1	0.000236063394325334	0.000386931216175958	0.000664059617796798
Master_msaldopesos_lag1	0.000232683068450786	0.000185637335043942	0.00057182911532502
Master_cconsumos_delta1	0.000231400144183704	0.000820578423914228	0.000590275215819376
tcuentas_mean6	0.000229827542241158	0.00390316129644152	0.000719397919279864
mv_mlimitecompra	0.000229443563860104	0.000243941690905438	0.000664059617796798
ctarjeta_master_trx_mean6	0.000228103436197282	0.000627401449500013	0.000664059617796798
mpagomiscuentas_delta1	0.000226027680574076	0.000732948900948713	0.000774736220762931
Master_mlimitecompra_delta1	0.000217439078621651	0.00219177643369078	0.000534936914336309
tmobile_app_lag1	0.000215465356777285	0.000196510748179162	0.000534936914336309
Master_mpagospesos_lag1	0.000212207729827454	0.000679617789250122	0.000903858924223419
ccheques_depositados_mean6	0.000210491934106352	0.00148364160917185	0.000498044713347598
ccallcenter_trx_delta1	0.000204122913561988	0.000682600915022135	0.000461152512358887
matm_other_mean6	0.00020199575568898	0.000365655882686977	0.000664059617796798
mv_msaldototal_lag1	0.000200080348904092	0.000251949143941829	0.000590275215819376
cextraccion_autoservicio	0.000199888228191978	0.000294359297014632	0.000516490813841954
Master_mpagosdolares_mean6	0.000196445181948656	0.0023921340507206	0.000719397919279864
matm_lag1	0.000196234093347888	0.000312023508043689	0.00073784401977422
cforex_sell_mean6	0.00019604156024084	0.000435518745411616	0.000516490813841954
ctarjeta_visa_debitos_automaticos	0.000195115028596786	0.000342884564298357	0.000553383014830665
ccuenta_debitos_automaticos_delta1	0.000194579032830407	0.00248592849745858	0.000534936914336309
Visa_mconsumototal_delta1	0.000188300998521049	0.000433420305374803	0.00057182911532502
mvr_msaldodolares2_delta1	0.000184494889127159	0.00220581728212618	0.000553383014830665
Visa_mpagosdolares	0.000184022452600371	0.000927473634365633	0.000498044713347598
mvr_Visa_mlimitecompra_lag1	0.000183155626455074	0.00024269263124699	0.000719397919279864
Master_mconsumospesos_lag1	0.000181188241796951	0.000362104758108007	0.000627167416808087
Master_Finiciomora_lag1	0.000176425756161605	0.00351289927809378	0.00057182911532502
cpayroll_trx_lag1	0.00017455515824369	0.000193900274339914	0.00020290710543791
ccaja_ahorro_lag1	0.000173814675799642	0.000366999679565468	0.000350475909392754
tpaquete9	0.000172688758000988	0.00357968548061407	0.00057182911532502
mvr_mpagosdolares_mean6	0.000172594943876467	0.000702332788873129	0.000498044713347598
Master_status	0.000171721654834314	6.6785636502545e-05	9.22305024717775e-05
Master_mconsumosdolares_mean6	0.000171131251794905	0.000135796076503441	0.000479598612853243
cplazo_fijo_mean6	0.000170388099680392	0.00171903296527137	0.000387368110381465
thomebanking_lag1	0.000169799997942385	0.000150142220759969	0.000479598612853243
mv_status01_delta1	0.000167817118363491	0.00097690148769574	0.000221353205932266
mcuenta_debitos_automaticos_lag1	0.000167226002640354	0.00033111026316999	0.000590275215819376
Master_mconsumospesos	0.000164177024315527	0.0003566473565166	0.000645613517302442
mpayroll_sobre_edad_lag1	0.000164078348279808	0.00084518363979616	0.00123588873312182
ctarjeta_master_trx_delta1	0.000163725466495337	0.000756005492280737	0.000498044713347598
mv_msaldodolares_mean6	0.0001632056914877	0.000671191695339196	0.000682505718291153
mvr_msaldodolares_mean6	0.000162625535648537	0.000597669810902975	0.000903858924223419
Visa_mconsumototal_lag1	0.000160829352180381	0.000170499048953495	0.000350475909392754
Visa_mfinanciacion_limite_delta1	0.000160409283559739	0.0013992407929274	0.000553383014830665
mv_mconsumosdolares_lag1	0.000157640209256041	0.000381825382356321	0.000590275215819376
mvr_mconsumosdolares_delta1	0.000155469397313874	0.000652284014076922	0.000700951818785509
ctarjeta_debito_lag1	0.000150237589174428	0.000194062792184904	0.000405814210875821
mvr_mconsumototal_mean6	0.000148856704298511	0.000128034204416096	0.000313583708404043
mv_mpagado_mean6	0.000146748454967922	0.000542774367662055	0.000756290120268575
matm_delta1	0.000146190723737139	0.000620679210505522	0.000682505718291153
Master_mconsumospesos_delta1	0.000143537489893401	0.000365445394838111	0.000387368110381465
mtarjeta_master_consumo_delta1	0.000140661123524841	0.000569021954782888	0.000461152512358887
matm	0.00014059985596959	0.000640497048301514	0.000627167416808087
mvr_msaldodolares2_lag1	0.000140084571933666	0.00179235334739043	0.000756290120268575
mv_mfinanciacion_limite_lag1	0.000139891770173138	0.000227041674584146	0.000498044713347598
Visa_mconsumototal	0.000139741423384746	0.000162769298373171	0.00036892200988711
mtarjeta_master_consumo_mean6	0.00013769690098902	0.000280624451922541	0.000479598612853243
ctarjeta_debito	0.000137378793912276	0.000241157095857431	0.000442706411864532
cpagomiscuentas	0.000135412243076578	0.000711163160958314	0.000405814210875821
mcheques_emitidos_mean6	0.000133758764138197	0.00165371161667475	0.000405814210875821
Visa_mconsumototal_mean6	0.000133261781779417	0.000286652823914065	0.000387368110381465
tcallcenter_lag1	0.000132685815633923	0.000353035385030059	0.000295137607909688
mvr_mconsumosdolares	0.000131059563527057	0.000229655544529863	0.000442706411864532
cpagomiscuentas_delta1	0.000129799962295461	0.000798211242195431	0.000405814210875821
mvr_mconsumosdolares_lag1	0.000129397510201821	0.000265647693146032	0.000516490813841954
mvr_msaldodolares_lag1	0.00012785978650457	0.000890597649040882	0.000461152512358887
mv_mconsumosdolares	0.000124404645549515	0.000500641775540883	0.000479598612853243
minversion1_pesos_lag1	0.00012326262230852	0.00137254690081475	0.000405814210875821
mcheques_depositados_mean6	0.000122769386069894	0.00116639368659098	0.000332029808898399
mforex_sell_lag1	0.000121700718248762	0.000257956219515703	0.000442706411864532
Visa_msaldodolares_mean6	0.000116466351466	0.000232680060349469	0.00036892200988711
Master_delinquency_mean6	0.000116232157205904	0.000151401964003351	0.000221353205932266
cprestamos_personales_lag1	0.000115818185372467	7.69428249338761e-05	0.000184461004943555
Visa_mlimitecompra_delta1	0.000113464505707258	0.00053846760939371	0.000276691507415332
mplazo_fijo_dolares_lag1	0.000113340765903149	0.00101547036134312	0.000313583708404043
cinversion1	0.000113270246319472	0.00210465731722669	0.000332029808898399
Master_mfinanciacion_limite_delta1	0.00011162585563906	0.000199365387923094	0.000239799306426621
mvr_mconsumototal	0.000110168597988883	7.24136924440236e-05	0.000276691507415332
mv_mconsumosdolares_delta1	0.000109863917953556	0.000318615562956865	0.000424260311370176
cextraccion_autoservicio_delta1	0.000103606925651258	0.000191493496136595	0.000350475909392754
ccuenta_debitos_automaticos_lag1	0.000103368303685965	0.0016445937783274	0.000498044713347598
cpagomiscuentas_lag1	0.000102064184095644	0.000185034243136804	0.000498044713347598
mtarjeta_master_consumo_lag1	0.000101485042597831	0.000395645413119012	0.000405814210875821
mprestamos_hipotecarios_mean6	9.8361657246633e-05	0.00080201721626402	0.000147568803954844
Visa_mpagado	9.57253296804176e-05	0.000223159641881094	0.000276691507415332
catm_trx_delta1	9.43306356225642e-05	0.000358212749342201	0.000295137607909688
matm_other_delta1	9.42965692477014e-05	0.00028201919039807	0.00036892200988711
mvr_mconsumototal_delta1	9.33967102523273e-05	0.000476332657691724	0.000239799306426621
mv_mfinanciacion_limite_delta1	9.294280196605e-05	0.000238694635658461	0.000166014904449199
catm_trx	8.78318199943088e-05	0.000601387344698931	0.000332029808898399
mttarjeta_master_debitos_automaticos_mean6	8.48994852313517e-05	0.000555563892368029	0.000239799306426621
Visa_msaldodolares_lag1	8.3564596303835e-05	0.000229145421037317	0.000221353205932266
Master_cconsumos_lag1	8.1567208008593e-05	0.000108472631154084	0.000295137607909688
catm_trx_other_mean6	8.07754142475719e-05	0.000250146801937791	0.000516490813841954
mv_mpagosdolares_mean6	8.020959401496e-05	0.000403786941608715	0.000295137607909688
ctarjeta_debito_delta1	7.76047172132617e-05	0.00232086619044881	0.00036892200988711
ccheques_emitidos_mean6	7.62855639928953e-05	0.000807473910333245	0.00020290710543791
mforex_buy_mean6	7.6155378746561e-05	0.00101138357172087	0.000295137607909688
mvr_mconsumototal_lag1	7.46446729252905e-05	0.000208458321489671	0.000221353205932266
Visa_mpagosdolares_delta1	7.01843075981037e-05	0.00011716213557302	0.000166014904449199
ccomisiones_mantenimiento_lag1	6.99586424202391e-05	7.9320382471118e-05	0.000166014904449199
Master_status_mean6	6.98833308356231e-05	0.00020274147151447	7.3784401977422e-05
ccajas_trx_lag1	6.90932609952352e-05	0.000358320434218158	0.000295137607909688
Visa_status	6.7620296983e-05	0.000559542855609887	0.000184461004943555
Master_mpagosdolares	6.75705043592247e-05	6.83645430018038e-05	0.000166014904449199
ccajas_otras_mean6	6.56619783796503e-05	0.000523806334757737	0.000184461004943555
mcheques_depositados_lag1	6.38857296737678e-05	0.000815526291028134	0.000129122703460488
Master_mconsumototal_mean6	6.08081890753017e-05	0.000166911557734419	0.000239799306426621
ccallcenter_trx_lag1	6.0317355724998e-05	0.000320360100398711	0.000239799306426621
ctarjeta_master_debitos_automaticos_mean6	5.77063861261869e-05	0.000642170409011945	0.000221353205932266
mdescubierto_preacordado_lag1	5.5883620413112e-05	6.05835678155706e-05	9.22305024717775e-05
mv_mconsumototal_mean6	5.58826060025237e-05	0.000264391063000247	0.000166014904449199
ccajas_depositos_lag1	5.38955818614322e-05	0.000718907274238914	0.000166014904449199
Visa_msaldodolares_delta1	5.17143875018896e-05	6.35753253581927e-05	0.000110676602966133
ccajas_trx	5.16781175780347e-05	0.000218068241513951	0.000239799306426621
active_quarter_mean6	5.16597977866474e-05	6.93482818423529e-05	0.00020290710543791
matm_other	5.01082508100507e-05	0.000500810661085502	0.000295137607909688
Visa_mpagosdolares_lag1	4.8416941020929e-05	4.97018059186136e-05	0.000147568803954844
Visa_mpagado_delta1	4.80947676604128e-05	0.000468386405323995	0.000239799306426621
minversion1_pesos	4.72276096405269e-05	0.000469363139694952	7.3784401977422e-05
mvr_mpagosdolares_delta1	4.68822100958419e-05	0.000126400040434496	9.22305024717775e-05
mv_status02	4.6618079567935e-05	5.08579679146876e-05	5.53383014830665e-05
Master_mconsumosdolares_lag1	4.47691061540901e-05	7.38113317604942e-05	0.000184461004943555
cplazo_fijo_lag1	4.34869069105262e-05	0.000392833578467034	0.000110676602966133
Master_cconsumos	4.27851931586409e-05	7.04860482617192e-05	0.000184461004943555
cpayroll_trx_delta1	4.10904443296568e-05	0.000242495091054038	0.000239799306426621
mvr_mpagado_lag1	4.09061292449102e-05	0.000426553590350939	0.000184461004943555
cliente_vip	4.05209834753e-05	0.000181386754036773	0.000147568803954844
Master_delinquency	4.0470943913078e-05	3.19031656751548e-05	3.6892200988711e-05
Master_mpagado_mean6	4.01747824892026e-05	4.82940490349538e-05	9.22305024717775e-05
ccajas_extracciones_delta1	3.98577563613284e-05	0.000225621040796791	0.000239799306426621
cseguro_vida_mean6	3.84862983469977e-05	0.000156945541796411	0.000129122703460488
matm_other_lag1	3.79229349508044e-05	0.000140546309674875	0.000166014904449199
Visa_delinquency_lag1	3.68695290919082e-05	3.13077150075727e-05	7.3784401977422e-05
catm_trx_lag1	3.56068800841853e-05	0.000113840814198459	0.000221353205932266
ctarjeta_master_trx	3.4944902611519e-05	4.36940935747769e-05	7.3784401977422e-05
mforex_sell	3.35217536503113e-05	9.11341633371885e-05	0.000221353205932266
catm_trx_other_lag1	3.27689392084983e-05	2.52452404469219e-05	9.22305024717775e-05
mv_status06	3.24400793276578e-05	4.67691972303282e-05	7.3784401977422e-05
ccajas_consultas_lag1	3.21943868012831e-05	0.000875038104243831	0.000166014904449199
ccajas_extracciones	3.15350195040413e-05	0.000214431648255508	0.000184461004943555
mvr_mpagosdolares	3.11528453973506e-05	0.000107761783618771	9.22305024717775e-05
cforex	3.11124685854243e-05	0.000117933122493723	7.3784401977422e-05
mvr_msaldodolares2	3.02968928739553e-05	0.000383038429135753	0.000147568803954844
Master_mpagado	3.02486757242114e-05	3.16436465391411e-05	7.3784401977422e-05
Master_msaldodolares_delta1	3.01132782563155e-05	0.000111725252124864	5.53383014830665e-05
Visa_delinquency	2.96984635020212e-05	7.19886131176414e-05	0.000129122703460488
catm_trx_other	2.82076542378287e-05	5.0764999500096e-05	7.3784401977422e-05
mttarjeta_master_debitos_automaticos_lag1	2.81990101215907e-05	4.03654139695329e-05	7.3784401977422e-05
ccajas_consultas	2.80372394823838e-05	0.00023266803247239	9.22305024717775e-05
mprestamos_hipotecarios_lag1	2.78788501599428e-05	0.00117340784923738	0.000184461004943555
mv_mconsumototal_lag1	2.77088160677758e-05	0.000138863821928309	9.22305024717775e-05
Visa_msaldodolares	2.73692068575578e-05	0.000208890193028992	0.000129122703460488
Master_mconsumosdolares_delta1	2.62300556812342e-05	8.13034963924177e-05	0.000129122703460488
mvr_mpagado_delta1	2.59455818970822e-05	0.000277549065258118	0.000166014904449199
Master_msaldodolares_mean6	2.55905111713694e-05	3.35040761142446e-05	9.22305024717775e-05
Master_mconsumototal	2.52776240565134e-05	2.54662703762858e-05	7.3784401977422e-05
thomebanking_delta1	2.52166131199788e-05	7.85063074495877e-05	7.3784401977422e-05
mprestamos_prendarios_lag1	2.38242632780943e-05	0.000771865380243649	0.000129122703460488
cseguro_vivienda_mean6	2.28340773955592e-05	4.5867955476091e-05	7.3784401977422e-05
mv_mpagado	2.277340993762e-05	0.00018232910282973	9.22305024717775e-05
Master_msaldodolares_lag1	2.27453847187993e-05	5.48478977503525e-05	5.53383014830665e-05
Master_status_delta1	2.22524293003745e-05	9.33929279002301e-06	1.84461004943555e-05
mvr_mpagado	2.18999846585957e-05	0.000256416014479748	0.000129122703460488
mvr_msaldodolares	2.12389904148016e-05	0.000579097141393434	0.000295137607909688
active_quarter	2.09979390502447e-05	2.76534336946038e-05	5.53383014830665e-05
mttarjeta_master_debitos_automaticos	2.05802563592205e-05	0.000143839188657757	0.000110676602966133
mcaja_ahorro_adicional	1.88624933635557e-05	0.000821385494466165	0.000129122703460488
mv_status03	1.86069546236514e-05	9.27257344834883e-06	3.6892200988711e-05
mvr_msaldodolares_delta1	1.84934987374975e-05	0.000226487260203066	9.22305024717775e-05
Master_mpagado_delta1	1.48316528170927e-05	2.02611004424282e-05	3.6892200988711e-05
ccajas_extracciones_lag1	1.45330659354263e-05	5.8609156417098e-05	3.6892200988711e-05
cseguro_vivienda	1.42313453755706e-05	4.58591114488277e-05	3.6892200988711e-05
mv_status07_lag1	1.40315654043327e-05	5.59933054092743e-05	3.6892200988711e-05
Visa_mpagado_lag1	1.39889023794533e-05	0.000169050185031116	0.000129122703460488
mcaja_ahorro_adicional_lag1	1.39494885931106e-05	0.000295600007911343	5.53383014830665e-05
mv_mconsumototal	1.35416613301601e-05	2.56077748124982e-05	9.22305024717775e-05
active_quarter_lag1	1.34691616594853e-05	3.9450375532765e-05	7.3784401977422e-05
mttarjeta_master_debitos_automaticos_delta1	1.3245673827599e-05	0.000143318593836932	9.22305024717775e-05
cinversion2_mean6	1.30225766228778e-05	8.37975120806625e-06	3.6892200988711e-05
Master_mpagosdolares_delta1	1.26465464422386e-05	7.82102094168131e-06	3.6892200988711e-05
mv_mpagado_delta1	1.24877166213347e-05	0.000145126596018418	5.53383014830665e-05
minversion1_pesos_mean6	1.23896771441517e-05	0.000328720111737925	5.53383014830665e-05
cforex_delta1	1.22465122783713e-05	6.18303634030387e-06	1.84461004943555e-05
Master_Finiciomora_mean6	1.15499760644146e-05	1.31428612831961e-05	3.6892200988711e-05
mv_mpagado_lag1	1.11912197992409e-05	6.69632245699917e-05	9.22305024717775e-05
Master_mconsumototal_lag1	1.10617629376976e-05	3.61892642958124e-05	5.53383014830665e-05
mv_msaldodolares	1.0708823070627e-05	0.000120929408178304	3.6892200988711e-05
mv_mlimitecompra_delta1	1.04599663569255e-05	4.83224914266325e-05	3.6892200988711e-05
ccajas_trx_delta1	1.00316205124796e-05	5.44823210393975e-05	9.22305024717775e-05
ctarjeta_visa_delta1	9.86251711998629e-06	2.07045045932999e-05	1.84461004943555e-05
mv_mconsumototal_delta1	9.77127218411199e-06	2.63293059327456e-05	5.53383014830665e-05
Master_mpagosdolares_lag1	9.73524038063114e-06	1.45603112207364e-05	3.6892200988711e-05
mv_status04_mean6	9.59826336919811e-06	1.54709630199817e-05	1.84461004943555e-05
Master_mconsumototal_delta1	9.48940736312234e-06	2.96399437223726e-05	1.84461004943555e-05
Master_cadelantosefectivo_mean6	9.10573570427696e-06	9.16877994438698e-06	5.53383014830665e-05
mv_status03_mean6	8.96914459251095e-06	8.23923730290727e-06	3.6892200988711e-05
ctarjeta_master_trx_lag1	8.60780689938053e-06	4.77288803167212e-05	9.22305024717775e-05
cseguro_vida	8.42290129386888e-06	2.93206389620591e-05	1.84461004943555e-05
mtarjeta_visa_descuentos_mean6	8.36276939162706e-06	9.0746865695275e-05	9.22305024717775e-05
ctarjeta_visa	8.00909894375599e-06	7.73661354548057e-06	1.84461004943555e-05
ctarjeta_master_descuentos_mean6	7.78693306752892e-06	0.000352022354771214	5.53383014830665e-05
mv_status07_mean6	7.57751930739176e-06	3.31445840940468e-06	1.84461004943555e-05
cliente_edad_delta1	7.30590703464332e-06	3.95022369086368e-05	1.84461004943555e-05
mcaja_ahorro_adicional_mean6	7.24758651621125e-06	6.70433868331061e-06	1.84461004943555e-05
mv_status01_lag1	7.09624558406806e-06	2.10583364360492e-05	1.84461004943555e-05
ctarjeta_master_debitos_automaticos_lag1	6.86762950165245e-06	3.65538504757138e-05	5.53383014830665e-05
catm_trx_other_delta1	6.86451844722432e-06	5.36105122078925e-05	7.3784401977422e-05
mvr_Visa_mlimitecompra_delta1	6.77582211422998e-06	6.82079683431347e-06	1.84461004943555e-05
mv_mpagosdolares_lag1	6.72420910057443e-06	3.76752023804796e-05	3.6892200988711e-05
Master_delinquency_lag1	6.72335737945529e-06	6.223082095752e-06	1.84461004943555e-05
cforex_sell	6.41676598920862e-06	8.76528004452712e-06	1.84461004943555e-05
cforex_sell_lag1	6.14629840309123e-06	1.00226884647111e-05	1.84461004943555e-05
Master_mpagado_lag1	6.0505476509018e-06	2.8262256531408e-05	3.6892200988711e-05
Master_mconsumosdolares	5.70401165259594e-06	4.10348714572541e-06	1.84461004943555e-05
mv_status05	5.53766034798993e-06	2.93996691896838e-06	1.84461004943555e-05
cforex_lag1	5.47903778828659e-06	1.15376349588018e-05	3.6892200988711e-05
ccajas_otras	4.72682765104808e-06	6.32734256435334e-05	1.84461004943555e-05
mcheques_depositados_delta1	4.64104132415382e-06	4.8983458648181e-05	5.53383014830665e-05
mforex_sell_delta1	4.62403409663552e-06	0.00020499132129803	0.00020290710543791
cforex_buy_mean6	4.46316055734447e-06	1.03412857028435e-05	1.84461004943555e-05
mv_msaldodolares_lag1	4.40901670336655e-06	5.82033216940407e-05	7.3784401977422e-05
ccajas_otras_delta1	4.22902505106813e-06	1.18400299389879e-05	1.84461004943555e-05
Master_status_lag1	4.07003475777353e-06	2.97024886831785e-06	1.84461004943555e-05
mcheques_depositados	3.54926125528724e-06	1.90527233093918e-05	1.84461004943555e-05
tcallcenter_delta1	2.23809138401637e-06	2.8221644758215e-06	1.84461004943555e-05
cseguro_accidentes_personales	1.73133147630856e-06	7.73901912089618e-06	1.84461004943555e-05
mvr_Master_mlimitecompra_delta1	1.42666380346237e-06	0.000105434389404166	9.22305024717775e-05
mvr_mpagosdolares_lag1	9.11359645282908e-07	5.81533706280576e-06	1.84461004943555e-05
tpaquete9_mean6	8.52787546801577e-07	1.60963418758228e-05	1.84461004943555e-05
mcajeros_propios_descuentos_mean6	4.53652259105931e-07	3.86147210847122e-05	3.6892200988711e-05
ccajas_depositos_delta1	2.99407096935224e-07	1.58516099533933e-05	1.84461004943555e-05
cinversion1_mean6	2.46901093386216e-07	3.51608808056383e-05	3.6892200988711e-05
mv_msaldodolares_delta1	2.35753299277085e-07	2.72941539310603e-05	1.84461004943555e-05
Master_madelantopesos_lag1	2.09465764238243e-07	3.64911640104717e-06	1.84461004943555e-05
cforex_sell_delta1	1.9410238363271e-07	1.9054209105972e-05	1.84461004943555e-05
mv_mpagosdolares	1.15595938864601e-07	1.79656154781895e-05	3.6892200988711e-05
mtarjeta_visa_descuentos_delta1	5.36583721620864e-08	3.58850297579556e-05	3.6892200988711e-05
Visa_madelantopesos_delta1	1.10200260235103e-11	1.05809234655693e-05	1.84461004943555e-05
Master_madelantopesos_mean6	8.10144003014997e-16	3.75298065722712e-06	1.84461004943555e-05
