Feature	Gain	Cover	Frequency
ctrx_quarter_normalizado	0.145045225639552	0.0096187455468472	0.00432558967965192
ctrx_quarter	0.0811588323274808	0.00568945424071452	0.00370219587287855
mcaja_ahorro	0.0438617658934071	0.00605756168556771	0.00776061677819903
mcuentas_saldo	0.0421168633168795	0.00795262524744653	0.00863845703671662
mtarjeta_visa_consumo	0.0290818689947301	0.00872442307086158	0.00586499071270451
mpasivos_margen	0.0223664423800357	0.00519572035586696	0.00534337548662884
cpayroll_trx	0.0219646821835562	0.00731116757784687	0.00218823948500038
mpayroll_sobre_edad	0.0164098199132896	0.0112119386662763	0.00382941909875067
foto_mes	0.0140324499398001	0.0190936619358298	0.0147070049108165
Visa_Finiciomora_mean6	0.0132198756155727	0.00644700476189657	0.0017684028396224
mprestamos_personales	0.0131096167123553	0.00971952109711233	0.00480903793796596
mcaja_ahorro_lag1	0.0130811518324999	0.00376557295728348	0.00544515406732653
mpayroll	0.0119197460505238	0.00893521806189381	0.0034223047759599
ctarjeta_visa_trx	0.0110956403274378	0.00594937585986455	0.0062975496806697
mprestamos_personales_mean6	0.00907373149017589	0.00355251663451888	0.00282435561436096
mcuenta_corriente	0.00850995122557445	0.00259131863032207	0.00539426477697769
mv_Finiciomora_lag1	0.00849290302307047	0.00755779226783344	0.00258263148520394
mv_Finiciomora	0.00760709667439552	0.00539538676122013	0.00152667871046538
ctrx_quarter_normalizado_lag1	0.00746120559274507	0.00141104641228633	0.0027607440014249
mactivos_margen	0.00689666056144864	0.00683242353517678	0.0080659525202921
mv_mpagospesos	0.00668069163812559	0.00233995807716267	0.00232818503345971
mpasivos_margen_mean6	0.00657262717887022	0.00203549713629167	0.00347319406630875
mvr_mpagospesos	0.00648500740987624	0.00202950529753863	0.00250629754968067
mv_Finiciomora_mean6	0.00621146709817534	0.00489390221320833	0.00161573496857586
mv_status07	0.00571520840837956	0.000296394868985287	0.000241724129157019
cliente_vip_lag1	0.00561173542032709	0.00545031973946619	0.00194651535584336
ctrx_quarter_normalizado_delta1	0.0053709560436657	0.00508995022433928	0.00690822116485586
mrentabilidad_annual_delta1	0.00533711339574194	0.00762200714174684	0.0113228671026183
mprestamos_personales_delta1	0.00512631737309203	0.007581380400573	0.00433831200223913
mcuenta_corriente_delta1	0.00487807359980103	0.00643101819888691	0.00575048980941961
cprestamos_personales_mean6	0.00482625758003651	0.0026402863100076	0.00239179664639577
Visa_Finiciomora	0.00481772854945973	0.00433499859296291	0.00114500903284904
mrentabilidad_mean6	0.00438628478329655	0.00255828433568697	0.00436375664741355
mv_Finiciomora_delta1	0.00437324261248561	0.00493401303060341	0.00132312154907
mactivos_margen_mean6	0.00411928051000894	0.00376916461616473	0.00575048980941961
mrentabilidad_annual_mean6	0.0040141547879048	0.00759651943375904	0.00676827561639653
mcuentas_saldo_lag1	0.0040104486843986	0.00692700356046889	0.00590315768046615
mdescubierto_preacordado	0.0040065023573723	0.00177424518999275	0.00111956438767461
ctrx_quarter_delta1	0.00393296322810736	0.0030951480336132	0.00683188722933259
mv_msaldopesos	0.00390670224652859	0.00183149984963683	0.00166662425892471
cliente_edad_mean6	0.00354734439080736	0.00678783098670946	0.00889290348846085
mcuentas_saldo_delta1	0.00350375761009843	0.00714092780607266	0.0083967329075596
mcuenta_corriente_mean6	0.00348101920161231	0.00551123689688767	0.00791328464924557
mv_msaldototal	0.00338685269105275	0.00123825434240467	0.00151395638787817
mautoservicio	0.00324864817034596	0.00526688539390327	0.0024299636141574
ccaja_ahorro	0.00308779690083126	0.00736279566789457	0.00226457342052365
cliente_edad	0.00296836274035038	0.00533527351793827	0.00790056232665835
mv_mpagominimo	0.00294609149028661	0.00337804877590182	0.00307880206610519
ccomisiones_mantenimiento_mean6	0.00294325226736705	0.00712859476401059	0.00480903793796596
chomebanking_trx_mean6	0.00294021885722024	0.00274530863258199	0.00538154245439047
mcomisiones_mantenimiento	0.00286243871831043	0.00343608071191879	0.0037530851632274
mactivos_margen_delta1	0.00283258036714707	0.00342792472537357	0.0065138291646523
cliente_edad_lag1	0.00280745500827157	0.00644140117103303	0.00801506322994326
cproductos	0.00255152969198497	0.00463141785550748	0.00455459148622172
mcuenta_debitos_automaticos	0.00246793699143895	0.00825967522312527	0.00367675122770413
thomebanking_mean6	0.00241777661247914	0.00193549022707945	0.00381669677616346
mcuenta_corriente_lag1	0.00241340315355158	0.0026050610346651	0.00483448258314038
cpayroll_trx_lag1	0.00239802687753111	0.00100079426385243	0.000483448258314038
mcaja_ahorro_dolares_delta1	0.00239344905733386	0.00646657683661053	0.00371491819546576
cprestamos_personales_delta1	0.00236766095397142	0.00481007111223867	0.00119589832319788
mtransferencias_recibidas	0.00236045329115683	0.00337552618914957	0.00367675122770413
cpayroll_trx_mean6	0.00235817485351618	0.000790962915985984	0.00118317600061067
mcaja_ahorro_mean6	0.00230126760910182	0.00231521934901899	0.00480903793796596
mrentabilidad_delta1	0.00230049520319573	0.0025853045934301	0.0060685478740999
mcomisiones_otras_mean6	0.00228511919272043	0.00328324506167111	0.00414747716343096
mvr_msaldopesos2	0.00228339708849814	0.00158380189182906	0.0035368056792448
mcaja_ahorro_delta1	0.00226692020635628	0.00692859987498816	0.00470725935726826
chomebanking_trx_delta1	0.00223634762846919	0.0070894365151054	0.00562326658354749
ctrx_quarter_mean6	0.00220312882034385	0.00152609302411119	0.00218823948500038
mcomisiones_mean6	0.00217237917761416	0.00183343450282332	0.00384214142133788
Visa_Finiciomora_lag1	0.00209654265868779	0.00310403704661479	0.000954174194040864
mdescubierto_preacordado_mean6	0.00208255563565358	0.00126950102822863	0.00114500903284904
mrentabilidad_annual	0.00205576227875369	0.0015709904432824	0.0037530851632274
mtransferencias_emitidas_mean6	0.0020306802699086	0.00347161080917805	0.00577593445459403
cprestamos_personales	0.00202558921017427	0.00116154952705591	0.00103050812956413
mcomisiones_mantenimiento_mean6	0.00202074338754634	0.00172491053360142	0.00337141548561105
mprestamos_personales_lag1	0.00200688563967005	0.00146881792266443	0.00125950993613394
mcuentas_saldo_mean6	0.00195902691202972	0.00289586055780989	0.00388030838909951
Visa_msaldototal	0.00195217393953186	0.00183957811830219	0.00192107071066894
tmobile_app_delta1	0.00192890701917822	0.00100583421713524	0.00253174219485509
mv_status06_mean6	0.00191136393981704	6.57779156178236e-05	0.000178112516220961
Visa_mpagospesos_mean6	0.0018703006146225	0.00292964724738742	0.00358769496959365
mtransferencias_recibidas_lag1	0.00185307274797063	0.00639270060082162	0.00446553522811124
ctrx_quarter_normalizado_mean6	0.00184008988788188	0.00111200923295985	0.00152667871046538
mrentabilidad	0.00183402476415253	0.00224723557262261	0.00444009058293682
mpagomiscuentas	0.00182835988464539	0.00527867133721781	0.00217551716241317
Master_fultimo_cierre_mean6	0.00182597437104704	0.00235501992912714	0.00458003613139615
mpasivos_margen_delta1	0.00181481631018685	0.00195639399498162	0.00465637006691942
mrentabilidad_annual_lag1	0.00181362728582973	0.00177202088768337	0.00478359329279153
Visa_fechaalta_mean6	0.00175440804853885	0.00197690522172786	0.00370219587287855
ctransferencias_recibidas_mean6	0.00174422564965909	0.00313226415130972	0.00494898348642528
numero_de_cliente	0.00172044820128402	0.00211542814621655	0.00469453703468105
mactivos_margen_lag1	0.00171616287354023	0.00237230593703964	0.00456731380880894
mtarjeta_visa_debitos_automaticos_mean6	0.00168377474474601	0.00209611839983908	0.00348591638889596
mrentabilidad_lag1	0.00166042446056557	0.00158412408196003	0.00437647897000076
Visa_mpagominimo	0.00165591115203348	0.00233902917042529	0.00314241367904125
mv_status04	0.00164183102150269	0.000137075264319666	0.000127223225872115
Visa_cconsumos_mean6	0.00164004608037908	0.00240439034647638	0.00376580748581461
chomebanking_trx	0.00163117688122865	0.0025794342833894	0.0040838655504949
cproductos_mean6	0.00157554774590296	0.00298710715443928	0.0050762067122974
Visa_msaldopesos	0.00154070941994975	0.00143734203495748	0.00215007251723875
ctarjeta_visa_debitos_automaticos_mean6	0.00152191913250154	0.00590842727006957	0.00376580748581461
mdescubierto_preacordado_delta1	0.00151987531290563	0.00444372746808276	0.000992341161802499
mv_status02_mean6	0.00148915754357617	0.000522934878003188	0.000292613419505865
mv_fechaalta	0.00148263457097927	0.00135567708205187	0.00343502709854711
ccomisiones_otras_mean6	0.00147200270389812	0.00293882912946172	0.00424925574412865
mvr_mpagominimo_lag1	0.00147051804277247	0.0021176308358324	0.00356225032441923
mpasivos_margen_lag1	0.00146160324461356	0.00190862906412995	0.00391847535686115
Master_Fvencimiento	0.00145561164017042	0.00142053014026316	0.00404569858273326
Master_Fvencimiento_mean6	0.0014463661958743	0.00143866236074707	0.00391847535686115
mtransferencias_recibidas_mean6	0.00143663157851417	0.00204664645649612	0.0040838655504949
mcomisiones_otras_lag1	0.00143269653831235	0.00143123047261551	0.00346047174372153
mv_Fvencimiento	0.00142663281703679	0.00162258755350982	0.00374036284064019
mcomisiones_otras	0.00142173639593042	0.00234677441821936	0.00335869316302384
mv_fechaalta_mean6	0.00141666081817352	0.00153306938691676	0.00335869316302384
mtransferencias_emitidas_lag1	0.00140283715123677	0.00239096398508739	0.00377852980840182
mcomisiones	0.00139067116633144	0.0023969881209129	0.00315513600162846
chomebanking_trx_lag1	0.00138443428683049	0.0016674628233292	0.0038675860665123
mcaja_ahorro_dolares_mean6	0.00136583879041694	0.00186199218903362	0.00333324851784942
Visa_fultimo_cierre_mean6	0.00136575169411831	0.00178257817620411	0.00339686013078548
Master_fechaalta	0.00136479284320673	0.00685909598955169	0.00455459148622172
cliente_antiguedad_mean6	0.0013647111085568	0.00201806657214688	0.00417292180860538
Visa_mpagospesos_delta1	0.0013593043234466	0.00230377345192081	0.00380397445357625
Visa_mconsumospesos	0.00135661038451229	0.00128770296550496	0.00332052619526221
mpayroll_mean6	0.00134903693910461	0.00310957218915098	0.00260807613037836
mv_fultimo_cierre_mean6	0.00132484194974676	0.00175185141470265	0.00338413780819826
Visa_mpagospesos	0.00132209918061019	0.00222363802396916	0.00367675122770413
mcomisiones_lag1	0.00132040772241329	0.00170982116570208	0.003307803872675
mcomisiones_otras_delta1	0.00132006990426911	0.00170097206056348	0.00360041729218086
Visa_fechaalta	0.0013021185145118	0.00125871687960659	0.00371491819546576
mv_cconsumos_mean6	0.00129983430919347	0.00280473417264063	0.00301519045316913
Master_mfinanciacion_limite	0.0012849403123125	0.00236744449582363	0.00325691458232615
Visa_Fvencimiento	0.00127703974930994	0.00150309380067976	0.00340958245337269
Visa_mpagominimo_mean6	0.00122638977819188	0.00176787388503156	0.00301519045316913
Master_Fvencimiento_lag1	0.00121235302847841	0.00133489303773864	0.00370219587287855
mvr_msaldototal	0.0012119781151423	0.00127342302468964	0.00151395638787817
mcomisiones_delta1	0.00121184847579126	0.00179201336099797	0.00334597084043663
mtransferencias_emitidas_delta1	0.0012071935700794	0.00628267281745723	0.00371491819546576
Visa_Fvencimiento_mean6	0.001205516294315	0.00116037039118744	0.00325691458232615
internet	0.00120099401224007	0.00111982107517075	0.00183201445255846
cproductos_delta1	0.00118707093601682	0.00462206414520162	0.00104323045215134
Visa_Fvencimiento_lag1	0.0011785000608292	0.00118842791185826	0.00314241367904125
cmobile_app_trx_mean6	0.00117647971340564	0.00143284649713068	0.00358769496959365
mv_mpagominimo_mean6	0.00117333330128542	0.0023149060381436	0.00302791277575634
Visa_mpagominimo_lag1	0.00117257525609429	0.00132867946153176	0.00302791277575634
Master_fechaalta_mean6	0.00117023882074729	0.00167140033409391	0.00376580748581461
ctarjeta_master	0.00116095228223388	0.000129641961361667	0.000152667871046538
mv_fechaalta_lag1	0.00115479283209658	0.00172859962035843	0.00324419225973894
Visa_status_mean6	0.00115108232631178	0.000547044154743208	0.000318058064680288
Visa_mconsumospesos_lag1	0.00114339429574646	0.00117077302454234	0.00272257703366327
mvr_mpagominimo_delta1	0.00113751414728551	0.00434940196518819	0.00272257703366327
tmobile_app	0.00113206954651545	0.000891111502990497	0.00156484567822702
cliente_antiguedad	0.00112658957631668	0.00199430690389846	0.00310424671127961
Visa_mpagospesos_lag1	0.0011192986840451	0.00203409504329138	0.00348591638889596
cmobile_app_trx_lag1	0.00110819630699262	0.00286895660855741	0.00307880206610519
ctransferencias_emitidas_mean6	0.00110009811285293	0.00136829762660361	0.00296430116282028
cliente_antiguedad_lag1	0.00109799810213133	0.0014463898988171	0.003307803872675
Visa_fechaalta_lag1	0.00109658698252555	0.00100139771172189	0.00278618864659932
Visa_mconsumospesos_mean6	0.00108543839912271	0.00131708915456264	0.00248085290450625
Visa_mfinanciacion_limite	0.00108383059701632	0.00119100557926736	0.0024299636141574
mpayroll_lag1	0.00107125836099828	0.00138304441135643	0.00142490012976769
Master_fechaalta_lag1	0.00106101838139676	0.00122395674065244	0.00352408335665759
mcomisiones_mantenimiento_lag1	0.00105511616683939	0.00480527397244492	0.00264624309814
Master_fultimo_cierre	0.00105431464255184	0.00161432116171529	0.00304063509834355
internet_mean6	0.00105341195306969	0.00102301040524386	0.00223912877534923
mvr_mpagominimo	0.00104434116104331	0.00300110095880425	0.00323146993715173
mvr_msaldopesos_lag1	0.0010365913385853	0.0022878301142982	0.00201012696877942
mv_mpagospesos_mean6	0.00103225555946071	0.00131879436193054	0.00203557161395384
Master_mlimitecompra	0.00101934497384948	0.00108953373924615	0.00256990916261673
Visa_mpagominimo_delta1	0.00100137127026416	0.00157445105996319	0.00237907432380855
Visa_fultimo_cierre	0.000996262893530115	0.000959729219205446	0.00267168774331442
mtransferencias_recibidas_delta1	0.000986625310384458	0.00496714631430207	0.00300246813058192
ccajas_consultas_mean6	0.000985991833832546	0.0078172189904528	0.00253174219485509
mvr_mpagominimo_mean6	0.000972069566832022	0.00245735798443838	0.00390575303427394
mtarjeta_visa_debitos_automaticos	0.000963738409957888	0.00109300665028083	0.00189562606549452
Master_fultimo_cierre_lag1	0.000962930891669799	0.00124449709330846	0.00260807613037836
mv_Fvencimiento_mean6	0.000961843568721497	0.0011050952200918	0.00310424671127961
Master_mpagominimo	0.000959640179053844	0.00235356548754864	0.00213735019465154
Visa_mconsumospesos_delta1	0.000945870867120502	0.00154876820350115	0.00281163329177375
Visa_mconsumosdolares_mean6	0.00094253205862681	0.000904501371614809	0.00283707793694817
mcaja_ahorro_dolares	0.000942202417284847	0.00178266818843785	0.00239179664639577
cmobile_app_trx_delta1	0.000937999077338078	0.00419960506940712	0.00267168774331442
ctarjeta_visa_trx_mean6	0.00093358514677449	0.000944449679117959	0.00201012696877942
mv_status07_mean6	0.000929462456387528	4.53668000388683e-05	6.36116129360576e-05
Visa_mlimitecompra	0.000929429102158809	0.00096186243596447	0.00216279483982596
tcallcenter	0.000928755681796477	0.00195314004053504	0.00106867509732577
mv_mpagospesos_lag1	0.000925908620841156	0.00127620720797161	0.00192107071066894
Visa_cconsumos	0.000924875246171756	0.00140028602299103	0.00229001806569807
ccaja_seguridad	0.000922815009945222	0.0039383917625061	0.00103050812956413
Visa_delinquency	0.000922208917208936	0.000237427488757047	0.000101778580697692
ctrx_quarter_lag1	0.000917936887544138	0.00140055293731667	0.00279891096918654
mtarjeta_visa_consumo_lag1	0.000915857781382336	0.00174721678480083	0.00241724129157019
mpayroll_sobre_edad_mean6	0.000891620888791721	0.00176809542733694	0.00190834838808173
mv_Fvencimiento_lag1	0.000890013838904399	0.000890278219005497	0.00256990916261673
ctarjeta_visa_trx_delta1	0.000889082012735515	0.00333021095709502	0.00206101625912827
mvr_msaldopesos2_lag1	0.000882681297780129	0.0011445166267145	0.00250629754968067
mv_msaldopesos_mean6	0.000880735931075643	0.00246688303510463	0.00188290374290731
ccomisiones_mantenimiento	0.000880432149947402	0.00349170217398197	0.00131039922648279
Master_mfinanciacion_limite_lag1	0.000879663560357087	0.00498419946129767	0.00234090735604692
ccallcenter_trx_mean6	0.00087899007958805	0.00216935396318706	0.00255718684002952
ccomisiones_otras_lag1	0.000878385340440694	0.00439930630876294	0.00264624309814
Visa_mfinanciacion_limite_mean6	0.000872516269997657	0.00106008759081977	0.00226457342052365
tcallcenter_mean6	0.000870204595392858	0.00225156986902258	0.00212462787206432
mv_fultimo_cierre	0.000860026999346432	0.00107315678171378	0.00249357522709346
ccomisiones_otras	0.000859926605328165	0.00122964097662295	0.00204829393654106
mvr_mpagospesos_mean6	0.000856488113555684	0.00124378470380325	0.00203557161395384
cproductos_lag1	0.000854927290663153	0.00222373086585578	0.00270985471107605
mv_msaldototal_mean6	0.000851538827741836	0.00220929675774582	0.00180656980738404
ccajas_trx_mean6	0.000851261057486222	0.00210613600525431	0.00260807613037836
Master_mfinanciacion_limite_mean6	0.000821368188855638	0.000959723218389863	0.00215007251723875
cextraccion_autoservicio_mean6	0.000816936878887045	0.0017916477991186	0.00255718684002952
ccallcenter_trx	0.000813309284326046	0.00437086463832058	0.00180656980738404
mpayroll_sobre_edad_delta1	0.000809654948912236	0.00679750625291375	0.00240451896898298
mautoservicio_mean6	0.000809536988792617	0.000959138065689857	0.00256990916261673
cmobile_app_trx	0.000808236491552578	0.00186266501218567	0.00215007251723875
mv_status07_delta1	0.000806721705504072	0.0020252144704613	0.000483448258314038
mv_mpagospesos_delta1	0.000803398917555485	0.00196208140211484	0.00216279483982596
Visa_delinquency_mean6	0.000801984002579593	0.0036570035672542	0.00132312154907
ctarjeta_visa_trx_lag1	0.000794969723457912	0.00289618304066357	0.00259535380779115
Visa_msaldototal_mean6	0.000791478822866045	0.00128028859194896	0.00181929212997125
mtarjeta_visa_consumo_delta1	0.000789917680576696	0.00153833629787511	0.00201012696877942
Visa_fechaalta_delta1	0.000785846131585443	0.00137302300054595	0.000928729548866441
ctransferencias_recibidas	0.000784215047954851	0.0053778065181956	0.00211190554947711
mvr_msaldopesos2_mean6	0.000783468471283135	0.00126652067194293	0.00343502709854711
Master_msaldopesos	0.000781116974155059	0.00589689828850848	0.001984682323605
ctarjeta_debito_trx_mean6	0.000778883263988046	0.00198807639856143	0.00286252258212259
mv_mpagominimo_delta1	0.000772216318750695	0.0027473611066598	0.00204829393654106
mplazo_fijo_dolares	0.000767045126938875	0.0050806992597051	0.00104323045215134
Visa_cconsumos_lag1	0.000762225885642766	0.00103947942406895	0.00193379303325615
cpagomiscuentas_mean6	0.000761458525977776	0.00160126680210532	0.00206101625912827
mv_fultimo_cierre_lag1	0.000757906219038084	0.00080922539807645	0.00211190554947711
mvr_msaldototal_lag1	0.000757692125218625	0.000801275244384429	0.00137401083941884
Visa_mlimitecompra_mean6	0.000756363721005265	0.000877923466675666	0.00201012696877942
ccomisiones_mantenimiento_delta1	0.000756154648872658	0.00252694841822317	0.000992341161802499
tmobile_app_mean6	0.000753268258439989	0.000830831212614696	0.00207373858171548
Visa_mlimitecompra_lag1	0.000753036931240409	0.000878004355718238	0.00181929212997125
mvr_mpagospesos_lag1	0.000748321146603345	0.00109422808458109	0.00211190554947711
mv_status02	0.000745276518631678	2.42958386813927e-05	6.36116129360576e-05
mv_status01_mean6	0.000737491130238651	0.00563746449175693	0.00141217780718048
mextraccion_autoservicio_mean6	0.000732931111800001	0.000801615876046214	0.00192107071066894
mvr_msaldopesos2_delta1	0.000731413856079053	0.00100292157737011	0.00208646090430269
mpagomiscuentas_mean6	0.000730043989876391	0.00164770594301013	0.00203557161395384
Visa_mpagado_mean6	0.000727507826691345	0.00225777324872168	0.00173023587186077
Visa_msaldopesos_delta1	0.000725647944101109	0.00121733101086796	0.00202284929136663
mvr_mpagospesos_delta1	0.000724543562377667	0.00156403125354256	0.0020991832268899
mtransferencias_emitidas	0.000716663354724751	0.00209925868029942	0.00348591638889596
ctarjeta_debito_mean6	0.000715993947490169	0.00120932211748519	0.0023154627108725
mtarjeta_visa_consumo_mean6	0.000712962471195613	0.000527280639376015	0.00141217780718048
mforex_sell_mean6	0.000703213994454663	0.00408724272484541	0.00203557161395384
mcaja_ahorro_dolares_lag1	0.000690960805854645	0.00124456920066969	0.00206101625912827
mtarjeta_visa_debitos_automaticos_delta1	0.000687418804784107	0.00348451544112117	0.00164117961375029
mv_status06_delta1	0.000683716936899011	0.00271100548256739	0.000597949161598942
Visa_msaldototal_delta1	0.000682002268591618	0.00098510861979005	0.00189562606549452
mcuenta_debitos_automaticos_mean6	0.000679979671037317	0.00124133241928884	0.00178112516220961
mpagomiscuentas_lag1	0.000670860221827375	0.00279218119824809	0.00175568051703519
mvr_mconsumospesos_mean6	0.000670439250391412	0.00077217294756965	0.0017684028396224
ccaja_ahorro_mean6	0.000664282142986239	0.000876251190612794	0.00118317600061067
Visa_mfinanciacion_limite_lag1	0.000655022614219756	0.000697004292222974	0.00169206890409913
mpayroll_delta1	0.000648551499485166	0.00478553938783904	0.00207373858171548
Visa_cconsumos_delta1	0.000635462213048437	0.00128345575411162	0.00178112516220961
Visa_msaldopesos_lag1	0.000624121084132574	0.000802727783265308	0.00166662425892471
mvr_Master_mlimitecompra	0.000624016818163109	0.000815048091889436	0.00178112516220961
Visa_fultimo_cierre_lag1	0.000623117261276142	0.00105427850861286	0.00185745909773288
Master_msaldototal	0.00061511355631133	0.00178221954209558	0.00153940103305259
ccomisiones_otras_delta1	0.000613532783216557	0.000756133548110596	0.00153940103305259
Master_mlimitecompra_mean6	0.000610808839197045	0.000830072426559736	0.00164117961375029
mv_cconsumos	0.000609181809393392	0.00130341958938762	0.00118317600061067
Visa_mconsumosdolares_lag1	0.00060853387234581	0.000769421207721525	0.0017684028396224
mv_mfinanciacion_limite_mean6	0.000605943971312742	0.000583280689479215	0.00159029032340144
internet_lag1	0.000604892042581733	0.000820241675808594	0.00115773135543625
Visa_mconsumototal	0.00060224679835626	0.00076775751819152	0.00159029032340144
Master_mpagospesos_mean6	0.000596876585696268	0.0014960867019895	0.00187018142032009
mvr_msaldopesos	0.000594920570079621	0.0014305735540641	0.00145034477494211
mv_status05_mean6	0.000592834134564922	3.01944452508576e-05	0.000114500903284904
ccaja_seguridad_lag1	0.000591344144329236	0.00251628472499686	0.000687005419709422
mvr_mconsumosdolares_mean6	0.000585173096755974	0.000778068139040816	0.00159029032340144
mv_fechaalta_delta1	0.000583262283160211	0.000713005588942434	0.000623393806773365
cplazo_fijo	0.000582354140670996	0.00306220160457863	0.000636116129360576
ccuenta_debitos_automaticos_mean6	0.000571815015306914	0.00267066917111034	0.00174295819444798
mvr_mconsumospesos	0.000569723340201308	0.000756655911789015	0.00151395638787817
Master_mpagominimo_mean6	0.000567483885383171	0.00147121941978842	0.00162845729116307
Master_fultimo_cierre_delta1	0.000567018305125618	0.000563914593979809	0.00153940103305259
ctransferencias_emitidas_delta1	0.000566244387720675	0.00107942924397277	0.00123406529095952
Visa_status	0.000564774453117906	0.000968750542872563	0.000381669677616346
Visa_msaldototal_lag1	0.000564041432626329	0.00067942092682286	0.00145034477494211
catm_trx_mean6	0.000560802705212566	0.000696882812297761	0.0016539019363375
mvr_Visa_mlimitecompra_mean6	0.000560629737352097	0.000655750782936996	0.00160301264598865
internet_delta1	0.000557683162721015	0.000481931744209658	0.0011068420650874
Visa_mconsumototal_lag1	0.000555963396775009	0.000557138404721692	0.00127223225872115
mplazo_fijo_dolares_delta1	0.000554817863321979	0.00440359191561858	0.000826950968168749
mpayroll_sobre_edad_lag1	0.0005509138025324	0.00101540620100954	0.00124678761354673
Visa_msaldopesos_mean6	0.000547697403963761	0.000940541879708443	0.00132312154907
ctarjeta_debito_trx_lag1	0.000542958469113824	0.00205289403732464	0.00189562606549452
mv_mconsumosdolares_mean6	0.000542125568346521	0.00092998927475109	0.00142490012976769
thomebanking	0.000536416002387565	0.00123236173665079	0.00101778580697692
ctarjeta_visa_debitos_automaticos_delta1	0.000529946624199425	0.00167490100499905	0.00083967329075596
mv_mlimitecompra_mean6	0.000526111046614173	0.000466811689212743	0.00111956438767461
mv_mfinanciacion_limite	0.00052251254286099	0.000515996861872808	0.00134856619424442
Visa_mconsumototal_mean6	0.00050415821188027	0.000470328655015478	0.00113228671026183
mv_mpagominimo_lag1	0.00049792208586729	0.000959870067616727	0.00156484567822702
mvr_mconsumospesos_delta1	0.000497215565842647	0.00188729640866852	0.00160301264598865
mextraccion_autoservicio_lag1	0.000495266744259047	0.00059179365137094	0.00166662425892471
mcomisiones_mantenimiento_delta1	0.000490339356312917	0.00168465720903303	0.000928729548866441
ctarjeta_visa	0.000489983283477661	7.0831724442308e-05	6.36116129360576e-05
Visa_mconsumosdolares	0.000489025350374543	0.000852629004464474	0.00136128851683163
ctransferencias_recibidas_lag1	0.000488411584594985	0.000916028060181325	0.00162845729116307
Master_mpagospesos	0.000486336181340017	0.00192060630173636	0.00145034477494211
mv_mconsumospesos_mean6	0.000482431839255604	0.00251003787597512	0.00155212335563981
mv_msaldopesos_delta1	0.000481914234321499	0.00230246820135087	0.00125950993613394
mvr_mconsumospesos_lag1	0.000476080435145138	0.0008718216617574	0.00132312154907
mv_fultimo_cierre_delta1	0.000475958942476591	0.000374795622149427	0.0011068420650874
matm_mean6	0.000474357339791149	0.000852184992898462	0.00167934658151192
mvr_msaldopesos_mean6	0.000470871570501507	0.000507789014620555	0.0014376224523549
Master_mlimitecompra_lag1	0.000469558311996607	0.00070119700840488	0.00132312154907
mcuenta_debitos_automaticos_delta1	0.000467490794132106	0.00390191324366204	0.00141217780718048
Master_mpagominimo_lag1	0.000466012825038853	0.00116613873615035	0.00113228671026183
mv_status05_delta1	0.000463327557584674	0.00254909142772388	0.000648838451947788
mv_Fvencimiento_delta1	0.000459462642351959	0.00043045513816508	0.000712450064883845
mautoservicio_lag1	0.000458646387362367	0.000702461375369474	0.00155212335563981
mtarjeta_visa_debitos_automaticos_lag1	0.000456624233270429	0.00211688619804183	0.00160301264598865
mautoservicio_delta1	0.000455412923407791	0.00101068663273431	0.00138673316200606
mvr_msaldopesos_delta1	0.000453947221157772	0.00108319043809102	0.00118317600061067
Master_mpagominimo_delta1	0.000453534700129029	0.00159291439862077	0.00115773135543625
tmobile_app_lag1	0.000449463422520158	0.00037544317357407	0.000992341161802499
mv_mlimitecompra	0.000441965852056967	0.000422193429933937	0.00108139741991298
Master_status	0.000438628992086104	7.85618482296239e-05	0.000127223225872115
ccaja_ahorro_lag1	0.000438272820853385	0.000583670840066337	0.000458003613139615
ccaja_seguridad_mean6	0.000431700949163532	0.000620556487414781	0.0003307803872675
Master_mpagospesos_delta1	0.000422217866363628	0.00247603310797763	0.0011068420650874
Visa_fultimo_cierre_delta1	0.000422040814335782	0.000366562454382642	0.00114500903284904
ctarjeta_visa_debitos_automaticos_lag1	0.000421795955309253	0.00171058897737397	0.00111956438767461
mvr_msaldototal_delta1	0.000413375707379391	0.00206252290697919	0.00166662425892471
mv_cconsumos_lag1	0.000411813034914044	0.00111127542590959	0.0011068420650874
mvr_Visa_mlimitecompra	0.00040997839302312	0.000371432823641341	0.00109411974250019
mtarjeta_master_consumo	0.000407327371580164	0.00158644664152619	0.000814228645581537
ctarjeta_master_trx_mean6	0.000405441102905944	0.00124231865089053	0.000979618839215287
Master_msaldototal_mean6	0.000405086214282198	0.000582121263606643	0.00119589832319788
mv_mconsumospesos	0.000403155213106939	0.000504214772740632	0.000966896516628076
mvr_Visa_mlimitecompra_lag1	0.000400535708761263	0.000594408104267438	0.00120862064578509
Master_msaldototal_delta1	0.000399117606469076	0.00417040519835522	0.00106867509732577
mextraccion_autoservicio	0.000395142307500907	0.00105125439028181	0.00106867509732577
Visa_mpagosdolares_mean6	0.000390535704478291	0.000867587622886075	0.000966896516628076
ccuenta_debitos_automaticos	0.000385924128744392	0.00122930458944048	0.000903284903692018
Visa_mconsumototal_delta1	0.000384218102935143	0.000597189457896528	0.00123406529095952
Visa_status_delta1	0.000384162519867967	0.00213955454723518	0.000725172387471057
mv_msaldopesos_lag1	0.000381380116489138	0.000403181870425105	0.000877840258517595
ccajas_depositos_mean6	0.000377715997562471	0.00540177875191959	0.00123406529095952
mvr_msaldototal_mean6	0.000375735966086833	0.00056904304709569	0.00150123406529096
cprestamos_hipotecarios_mean6	0.000375399560464325	0.00277529373230711	0.000445281290552403
mextraccion_autoservicio_delta1	0.000364594908023788	0.0016126380549121	0.00104323045215134
mv_msaldototal_delta1	0.000363111638403626	0.00121813097325098	0.00124678761354673
mvr_mconsumototal_mean6	0.000360830331661181	0.000432723836752345	0.000979618839215287
Master_cconsumos_mean6	0.000357938267903637	0.000966137212079793	0.00118317600061067
Master_msaldopesos_mean6	0.000347902071315947	0.000432663291938212	0.00103050812956413
mvr_msaldodolares2_mean6	0.000346068361764946	0.000641769858371332	0.000992341161802499
tpaquete7_mean6	0.000343549677488174	0.0042978123193899	0.000712450064883845
Visa_mconsumosdolares_delta1	0.000342767325068116	0.000782071317267116	0.0011068420650874
mv_mconsumospesos_lag1	0.000342158974747143	0.000475516921138713	0.000928729548866441
Master_mconsumospesos_mean6	0.000341848156355361	0.000626946575416617	0.00103050812956413
Master_Fvencimiento_delta1	0.000340492878122108	0.000223732798215974	0.000699727742296634
mv_mlimitecompra_lag1	0.000339999959801492	0.000406955505258582	0.000992341161802499
ctarjeta_visa_descuentos_mean6	0.000336439416988841	0.00522452758818869	0.00113228671026183
ctarjeta_debito_trx	0.000334889488975873	0.00152557529520903	0.00147578942011654
mv_mconsumototal_mean6	0.000328427839047341	0.00118038423325996	0.000903284903692018
mvr_Master_mlimitecompra_mean6	0.000326242481343443	0.000491968669323834	0.00113228671026183
mv_mfinanciacion_limite_lag1	0.000324524757264671	0.000427052822090961	0.000903284903692018
mv_status06	0.000323973582216211	5.24865481858834e-05	0.000114500903284904
Master_status_mean6	0.00031933061733201	0.000292430427731123	0.000139945548459327
mv_cconsumos_delta1	0.000315560107637468	0.00114252342898574	0.000890562581104807
mplazo_fijo_dolares_mean6	0.000313785145501091	0.00245223138523301	0.000725172387471057
Visa_Finiciomora_delta1	0.000309769675376536	0.00087202422587366	0.000190834838808173
ctransferencias_emitidas_lag1	0.000294195361803193	0.00169939482180756	0.0011068420650874
mv_mpagado_mean6	0.000293990520803332	0.00053481298018469	0.000814228645581537
cseguro_accidentes_personales_mean6	0.000291572861549268	0.00109873972215702	0.000814228645581537
mv_status01	0.000289858436388018	0.000774275672379575	0.00041983664537798
ccajas_extracciones_mean6	0.000287413662770327	0.00114299768856526	0.000865117935930383
mvr_mpagado_mean6	0.000284944225190246	0.000561089771028082	0.000903284903692018
ctransferencias_emitidas	0.000280742264623521	0.000935715418856447	0.00128495458130836
cextraccion_autoservicio_lag1	0.000270991054993818	0.000537992339126991	0.000725172387471057
Visa_mpagosdolares	0.000266386632699229	0.00155929734185447	0.000648838451947788
mv_msaldototal_lag1	0.000263878340276091	0.000569254880764476	0.00075061703264548
mvr_mconsumototal_lag1	0.000263506226352828	0.000520705257897889	0.00075061703264548
ctransferencias_recibidas_delta1	0.000263127183494602	0.000628455902503499	0.00075061703264548
ctarjeta_debito_trx_delta1	0.000261442044345435	0.00112449527142572	0.000801506322994326
Master_fechaalta_delta1	0.000259270490356088	0.000190097982938521	0.000508892903488461
ccallcenter_trx_delta1	0.000255036943928617	0.00104439711683265	0.000661560774534999
mvr_Master_mlimitecompra_lag1	0.000254352849804502	0.000382219362832188	0.000865117935930383
Visa_Fvencimiento_delta1	0.000249495163089025	0.000166231519687572	0.000559782193837307
Master_mconsumototal_mean6	0.000248280273646588	0.000726576457776603	0.000826950968168749
mv_mconsumospesos_delta1	0.000247171038511214	0.000682138808410704	0.00075061703264548
Master_mconsumospesos_delta1	0.000239602165373147	0.000467021034738483	0.000661560774534999
Master_mconsumospesos_lag1	0.000236422235286259	0.000548897870100004	0.000687005419709422
mvr_mconsumototal_delta1	0.000235914463173701	0.000756142037069225	0.000687005419709422
Master_mlimitecompra_delta1	0.000233158093095201	0.00148326032458455	0.000547059871250095
mv_status04_delta1	0.000233150868893591	0.000891829405440103	0.000292613419505865
cforex_sell_mean6	0.000232411117380361	0.000463656967765315	0.000725172387471057
matm_lag1	0.000232327510709941	0.000333431853975503	0.000648838451947788
Master_msaldototal_lag1	0.000232154098777794	0.000396009334615808	0.000674283097122211
mv_mconsumototal	0.000226027870761794	0.000313473434069664	0.000661560774534999
mvr_mconsumosdolares_delta1	0.000224601735229332	0.00073908645071769	0.000814228645581537
ccheques_depositados_lag1	0.000223079502515711	0.00271747426419146	0.000445281290552403
mvr_msaldodolares_mean6	0.000221081565094664	0.00125825149928265	0.00105595277473856
cliente_vip_delta1	0.000220739100482966	0.000170331637918451	0.000203557161395384
ctarjeta_visa_debitos_automaticos	0.000219363156727121	0.000281426737075567	0.000534337548662884
tpaquete9	0.000216795721368738	0.0035040243365166	0.00058522683901173
Master_cconsumos_delta1	0.000214516799498273	0.000923456386853231	0.00058522683901173
mcuenta_debitos_automaticos_lag1	0.000213358277833873	0.000341828019505397	0.000674283097122211
Master_Finiciomora	0.000208009453342323	0.000263451708687656	6.36116129360576e-05
matm_delta1	0.000207594986162664	0.000929820520107992	0.000636116129360576
Master_mpagosdolares_mean6	0.000207316231722454	0.00187530219314485	0.000737894710058268
cextraccion_autoservicio	0.00020553233609063	0.000651118348455512	0.000687005419709422
mvr_mconsumototal	0.000203946068002188	0.000330263228199286	0.000623393806773365
mvr_mpagosdolares_mean6	0.000202586473402778	0.00111876517556376	0.000661560774534999
Visa_mlimitecompra_delta1	0.000201439191340737	0.000752669174821669	0.00041983664537798
cforex_mean6	0.000201057537549769	0.000316640449870969	0.000572504516424518
Master_msaldopesos_delta1	0.000199269023754191	0.000854955418212995	0.000636116129360576
ccuenta_debitos_automaticos_delta1	0.000197357169253744	0.00279195580176034	0.000559782193837307
Master_msaldopesos_lag1	0.000196951619092678	0.000226196645277477	0.000597949161598942
mtarjeta_master_consumo_mean6	0.000195321584501254	0.000390072137435563	0.000597949161598942
cplazo_fijo_mean6	0.000192558647087338	0.00151499483280699	0.000368947355029134
ctarjeta_debito	0.000191593106462172	0.000284348987903059	0.000661560774534999
mv_mconsumototal_delta1	0.00019095548520346	0.000242667615587311	0.000496170580901249
catm_trx_other_mean6	0.00018658372812412	0.000287910837854868	0.000597949161598942
cpagomiscuentas	0.00018495659182297	0.000867378472508809	0.000547059871250095
Master_mpagospesos_lag1	0.000184544369845913	0.000820831170562151	0.000737894710058268
mvr_mconsumosdolares_lag1	0.000180876475007305	0.00031241533904234	0.000610671484186153
mv_msaldodolares_mean6	0.000179764372131261	0.000800624765732673	0.000788784000407114
mprestamos_hipotecarios_mean6	0.000178782954362506	0.0011823666002484	0.000190834838808173
mcheques_depositados_mean6	0.000174478243741491	0.00142676142619408	0.000381669677616346
Visa_mfinanciacion_limite_delta1	0.000174404519538268	0.00226672661193265	0.000610671484186153
tcuentas_mean6	0.000173325296307522	0.00361222489592957	0.000687005419709422
mvr_mconsumosdolares	0.000171596358597279	0.000274899947567527	0.000572504516424518
mv_mconsumosdolares_lag1	0.000170589378010007	0.000338559038626302	0.000534337548662884
mpagomiscuentas_delta1	0.00017013060877481	0.000511752968003534	0.000483448258314038
ctarjeta_debito_lag1	0.000169939425470465	0.000200972631665486	0.000483448258314038
matm_other_mean6	0.000168262650342263	0.000232260103520556	0.000597949161598942
ccuenta_debitos_automaticos_lag1	0.000166007336725302	0.00192797408359414	0.000597949161598942
cprestamos_personales_lag1	0.000164116492395066	0.000166055349402453	0.000190834838808173
mcheques_emitidos_mean6	0.000160995728215945	0.00193074041079071	0.00041983664537798
Master_Finiciomora_lag1	0.000158608576879375	0.00325091422849853	0.000534337548662884
cextraccion_autoservicio_delta1	0.000155527219034164	0.000323888605714033	0.000483448258314038
mplazo_fijo_dolares_lag1	0.00015393988227096	0.00103535286321981	0.000394392000203557
ccheques_depositados_mean6	0.000152032520511453	0.00131461950183403	0.000394392000203557
thomebanking_lag1	0.000151698389424015	0.00010643631963161	0.000445281290552403
ccallcenter_trx_lag1	0.000151114001538041	0.000684496982573408	0.000496170580901249
Master_mfinanciacion_limite_delta1	0.00015077479407691	0.000326128666262704	0.000394392000203557
Master_delinquency_mean6	0.000147351842245333	0.000131551098885147	0.000229001806569807
cinversion1	0.000143166951743581	0.00248071067054378	0.000394392000203557
mtarjeta_master_consumo_lag1	0.000142319292703322	0.000558559719846693	0.000534337548662884
ccajas_trx_lag1	0.000142154203218953	0.000558025549685582	0.000381669677616346
mv_mconsumosdolares_delta1	0.000141972548632176	0.000288041636119726	0.000394392000203557
Master_mconsumosdolares_mean6	0.000139511892895418	0.000209970196005865	0.000458003613139615
mvr_msaldodolares2_delta1	0.000138854982965941	0.00238732661267605	0.000547059871250095
matm	0.000137176128622709	0.000638831654156072	0.000496170580901249
mtarjeta_master_consumo_delta1	0.000134823089132411	0.00045540550482907	0.000407114322790769
mv_mconsumosdolares	0.000133130785438021	0.000611476375269799	0.000521615226075672
tcallcenter_lag1	0.000126707522097327	0.00039743094246352	0.000305335742093077
cpagomiscuentas_lag1	0.000120010641707363	0.000218244832823426	0.000368947355029134
ccomisiones_mantenimiento_lag1	0.000116099334757714	0.000180395786244783	0.000318058064680288
mv_mpagosdolares_mean6	0.000113650612456423	0.00038405322183173	0.000407114322790769
ctarjeta_master_debitos_automaticos_mean6	0.000112093702668042	0.000958174959182369	0.000368947355029134
catm_trx_delta1	0.000111336287622526	0.000396752362431473	0.000318058064680288
Master_status_delta1	0.000110829509444029	1.45756395409067e-05	3.81669677616346e-05
Master_mconsumospesos	0.000108377712521108	0.000239224757417669	0.000368947355029134
ccajas_otras_mean6	0.000107874251549557	0.000524240372508728	0.000279891096918654
minversion1_pesos_lag1	0.000107186490766892	0.00131043020075042	0.000394392000203557
cpagomiscuentas_delta1	0.000107145514706512	0.000447812424057788	0.000216279483982596
ctarjeta_master_trx_delta1	0.000106894232332887	0.000562640811101333	0.0003307803872675
cliente_vip	0.000106125784820501	0.00018205298708802	0.000216279483982596
mv_status01_delta1	0.000105527345557491	0.000655557537160381	0.00016539019363375
Master_cconsumos_lag1	0.000104122528833013	0.000216260514350246	0.000318058064680288
ctarjeta_master_trx	0.000104018710197562	0.000129840183424375	0.00016539019363375
mv_mconsumototal_lag1	0.000101683774001536	0.00018489737367429	0.000292613419505865
Visa_madelantopesos	9.97832401475348e-05	0.000326451636987569	0.000139945548459327
mvr_msaldodolares2_lag1	9.80894780481409e-05	0.000820374571919551	0.000343502709854711
catm_trx	9.73161657943661e-05	0.00055150934698227	0.000305335742093077
mcheques_depositados_lag1	9.69484057816459e-05	0.00103457051298659	0.00016539019363375
mforex_buy_mean6	9.4404257702884e-05	0.00129033810413973	0.000343502709854711
Master_mconsumototal_delta1	9.34738908349011e-05	0.000248125625689063	0.000279891096918654
ctarjeta_debito_delta1	9.24803568294238e-05	0.0025204796365991	0.000407114322790769
mvr_msaldodolares_lag1	9.06011066616913e-05	0.000701724885027696	0.000407114322790769
catm_trx_lag1	8.71251047822856e-05	0.000146975975798823	0.000292613419505865
ccheques_emitidos_mean6	8.69163865143884e-05	0.000967700204997091	0.000241724129157019
Visa_mpagado	8.40235257606317e-05	0.000187086207748472	0.000229001806569807
Master_mconsumosdolares_lag1	8.06725892338114e-05	7.18225420331377e-05	0.000216279483982596
active_quarter_mean6	8.02559906788172e-05	0.000173444012146969	0.000229001806569807
Visa_msaldodolares_mean6	7.9891045034284e-05	0.000196405864645583	0.000305335742093077
ctarjeta_visa_mean6	7.93706174919086e-05	6.66297387078765e-05	5.08892903488461e-05
Visa_mpagado_delta1	7.761668780934e-05	0.000391513699214766	0.000190834838808173
mttarjeta_master_debitos_automaticos_mean6	7.72414807887373e-05	0.000939296246997375	0.000318058064680288
mvr_mpagado_lag1	7.51563214722618e-05	0.000982791621955411	0.000292613419505865
Visa_msaldodolares	7.37356700413761e-05	0.000314947439282709	0.000178112516220961
mforex_sell_lag1	7.15709969943028e-05	0.000138803060123459	0.000305335742093077
Visa_delinquency_lag1	7.08049540278141e-05	0.000153006063652806	0.000101778580697692
mtarjeta_visa_descuentos_mean6	6.82404220112762e-05	0.000133278162882161	0.000139945548459327
Visa_mpagado_lag1	6.5962475423125e-05	0.00031109530597547	0.000216279483982596
Visa_msaldodolares_lag1	6.51538114688336e-05	0.000243150266551223	0.000190834838808173
mv_msaldodolares_lag1	6.370932119042e-05	0.000240442922980987	0.00016539019363375
mv_status05	6.16806058789323e-05	5.59471160795626e-05	8.90562581104807e-05
Master_mconsumototal_lag1	6.13219270971499e-05	6.25172285488836e-05	0.000203557161395384
cseguro_vida_mean6	6.12261664352528e-05	0.000141400486315579	0.000190834838808173
Master_cconsumos	6.04006728870547e-05	6.29525072206736e-05	0.000190834838808173
matm_other_delta1	5.97245511657179e-05	0.00024583111871608	0.00025444645174423
ctarjeta_master_trx_lag1	5.96887461917411e-05	5.08960393337174e-05	0.000203557161395384
Master_mconsumototal	5.87811752783753e-05	0.000122170165367125	0.000241724129157019
mv_mlimitecompra_delta1	5.84329747765656e-05	0.000215245351987255	0.000139945548459327
ctarjeta_master_mean6	5.65079444781415e-05	3.39914979012432e-05	0.000101778580697692
mv_mpagado_lag1	5.6094870340083e-05	0.000217537322030073	0.00016539019363375
mvr_mpagado_delta1	5.02800733118799e-05	0.000323183583063727	0.000216279483982596
mprestamos_prendarios_lag1	4.98769404200689e-05	0.00129882145225049	0.000241724129157019
Master_status_lag1	4.93745055136256e-05	1.83021460178549e-05	3.81669677616346e-05
mv_mfinanciacion_limite_delta1	4.92333549729258e-05	9.82520853447405e-05	8.90562581104807e-05
ccajas_depositos_lag1	4.82864821466261e-05	0.000700043680922127	0.00016539019363375
Visa_cadelantosefectivo	4.77143818350654e-05	0.00015255068468817	7.63339355232691e-05
Visa_msaldodolares_delta1	4.72875638707105e-05	0.000196505487941682	0.000152667871046538
mvr_mpagosdolares_delta1	4.60827019861668e-05	0.000169328477186626	0.000114500903284904
minversion1_pesos	4.60661870589745e-05	0.000402337462977073	6.36116129360576e-05
Visa_mpagosdolares_delta1	4.50547748374147e-05	5.72717351355779e-05	0.000114500903284904
mvr_mpagado	4.49417639360244e-05	0.000176262980644469	0.000127223225872115
mcaja_ahorro_adicional	4.40589088252869e-05	0.00153529037170207	0.000241724129157019
mdescubierto_preacordado_lag1	4.35957103143395e-05	4.85380603194883e-05	7.63339355232691e-05
matm_other_lag1	4.25172131306556e-05	6.83339703334052e-05	0.000139945548459327
ccajas_extracciones	4.24664390290555e-05	0.000243211738320608	0.000216279483982596
Master_delinquency	4.10817356713735e-05	4.53056209921944e-05	6.36116129360576e-05
Master_mpagado_lag1	4.05743895432834e-05	3.05295639682444e-05	6.36116129360576e-05
ccajas_extracciones_delta1	4.02206777892787e-05	0.000342667840964284	0.000241724129157019
Visa_mpagosdolares_lag1	4.01808430430678e-05	4.3926604298985e-05	0.000114500903284904
mforex_sell	3.91501213273106e-05	0.000102508566290603	0.000178112516220961
Master_mpagosdolares	3.64289380187828e-05	4.22848689723313e-05	0.000101778580697692
ccajas_trx	3.62748120889381e-05	0.000145134749944378	0.00016539019363375
mttarjeta_master_debitos_automaticos	3.6089720624823e-05	6.59049084874345e-05	0.000139945548459327
ctarjeta_master_descuentos_mean6	3.60681009484867e-05	0.000997252514193465	0.000216279483982596
mv_mpagado_delta1	3.56094971722156e-05	0.000329787651367565	0.000190834838808173
mv_mpagosdolares_delta1	3.51502383363952e-05	0.000189556153199796	8.90562581104807e-05
Visa_cadelantosefectivo_mean6	3.31958223783148e-05	1.29635179952187e-05	3.81669677616346e-05
mvr_msaldodolares	3.25320597972541e-05	0.000540294652038943	0.000305335742093077
mttarjeta_master_debitos_automaticos_delta1	3.22590588409373e-05	0.00021040971915697	8.90562581104807e-05
mv_mpagado	3.21677498516127e-05	0.000147015103067908	0.000139945548459327
cforex_lag1	3.21107578295168e-05	7.66562233786806e-05	0.000101778580697692
Master_mpagado_mean6	3.08617086608497e-05	0.000106547359113452	0.000127223225872115
Master_mpagado	2.95356431733329e-05	2.48035662242439e-05	6.36116129360576e-05
Master_mconsumosdolares	2.93679724000388e-05	3.84987934236215e-05	8.90562581104807e-05
Master_msaldodolares_mean6	2.85623884687496e-05	7.95266134991427e-05	7.63339355232691e-05
mv_status02_delta1	2.76306980283544e-05	4.01922918830671e-05	3.81669677616346e-05
catm_trx_other_lag1	2.65406318959929e-05	0.000174226264805956	0.000101778580697692
mvr_msaldodolares2	2.61332188706361e-05	0.000295382341126698	0.000178112516220961
mprestamos_hipotecarios_lag1	2.60245608140402e-05	0.00105185881389365	0.00016539019363375
mv_status03_mean6	2.49575680942044e-05	2.22528780917038e-05	7.63339355232691e-05
matm_other	2.40051549182423e-05	0.000239914851209697	8.90562581104807e-05
cforex_sell_lag1	2.39068493892468e-05	4.88689345575604e-05	6.36116129360576e-05
catm_trx_other	2.36445519890562e-05	6.07568429498927e-05	7.63339355232691e-05
ccajas_trx_delta1	2.3345788368201e-05	8.589191764475e-05	6.36116129360576e-05
Master_Finiciomora_mean6	2.29188380530657e-05	0.00016282627638634	5.08892903488461e-05
thomebanking_delta1	2.26700258424125e-05	3.23261983963252e-05	6.36116129360576e-05
ccajas_consultas	2.26189441558965e-05	0.000252265895718516	8.90562581104807e-05
Master_cadelantosefectivo_mean6	2.25843501549465e-05	2.07769701810347e-05	7.63339355232691e-05
Master_madelantopesos_mean6	2.22723520777825e-05	2.14434022205606e-05	8.90562581104807e-05
mvr_mpagosdolares	2.21284133776834e-05	0.000154399033461924	8.90562581104807e-05
mv_msaldodolares_delta1	2.19989138469131e-05	9.1175708946125e-05	7.63339355232691e-05
ccajas_consultas_lag1	2.1773769872832e-05	0.000445797613635508	0.000101778580697692
cseguro_vivienda_mean6	2.14128509862945e-05	5.17979180074127e-05	3.81669677616346e-05
Master_msaldodolares	1.97170747506647e-05	2.40104828249368e-05	3.81669677616346e-05
Master_mconsumosdolares_delta1	1.95912724680958e-05	5.44252019160916e-05	0.000139945548459327
cforex	1.93261059013369e-05	9.08560557453216e-05	5.08892903488461e-05
mcheques_emitidos_lag1	1.91131102717318e-05	1.71160335914306e-05	5.08892903488461e-05
cplazo_fijo_lag1	1.90554300666231e-05	0.00020070591248832	6.36116129360576e-05
mv_status02_lag1	1.87787414026721e-05	0.000155709699402031	2.5444645174423e-05
ccajas_extracciones_lag1	1.7674622398465e-05	9.45403125775972e-05	7.63339355232691e-05
mvr_msaldodolares_delta1	1.72936039325504e-05	0.000356204753963935	8.90562581104807e-05
mv_status03	1.54942651891942e-05	9.61189173728346e-06	3.81669677616346e-05
cseguro_accidentes_personales_lag1	1.54305786488686e-05	2.75635023082867e-05	5.08892903488461e-05
Master_mpagosdolares_delta1	1.53733522332274e-05	1.63464167961508e-05	5.08892903488461e-05
mv_status04_mean6	1.5232648196021e-05	1.67906722977558e-05	5.08892903488461e-05
mttarjeta_master_debitos_automaticos_lag1	1.41304502437922e-05	8.40598637685948e-05	8.90562581104807e-05
cseguro_vida	1.36348681522733e-05	2.56743675034166e-05	2.5444645174423e-05
cpayroll_trx_delta1	1.34331848413364e-05	0.000251732359789947	0.000241724129157019
minversion1_pesos_delta1	1.27476658691097e-05	9.16080603908014e-06	3.81669677616346e-05
Master_mpagosdolares_lag1	1.27339083662941e-05	5.39912404965028e-06	2.5444645174423e-05
mvr_Visa_mlimitecompra_delta1	1.26664636889022e-05	1.90290252972764e-05	2.5444645174423e-05
cliente_edad_delta1	1.25723254202521e-05	5.36389487133829e-05	3.81669677616346e-05
Visa_delinquency_delta1	1.1713968624928e-05	1.21654095227e-05	3.81669677616346e-05
active_quarter_lag1	1.15739574704846e-05	3.60011368889559e-05	5.08892903488461e-05
Master_msaldodolares_lag1	1.13323685878172e-05	2.78117799546372e-05	3.81669677616346e-05
ctarjeta_visa_delta1	1.0687097388038e-05	0.000145684922280376	2.5444645174423e-05
mcaja_ahorro_adicional_mean6	1.04712678932006e-05	7.41845703782073e-05	3.81669677616346e-05
ctarjeta_master_debitos_automaticos_lag1	1.0238497933414e-05	9.61677044913943e-06	3.81669677616346e-05
mv_status05_lag1	1.00495686443668e-05	5.09810752813671e-06	2.5444645174423e-05
tcallcenter_delta1	9.60445114904437e-06	3.91757146936379e-05	5.08892903488461e-05
minversion1_pesos_mean6	9.41296078445266e-06	0.000313071623361206	5.08892903488461e-05
active_quarter	9.13899834190285e-06	1.42123218689923e-05	2.5444645174423e-05
Master_cadelantosefectivo_lag1	8.92214859044359e-06	4.05372168112844e-06	2.5444645174423e-05
Visa_madelantopesos_mean6	8.79523943626719e-06	2.53962809276261e-05	2.5444645174423e-05
mv_status01_lag1	8.17693077522119e-06	3.97897981549493e-06	1.27223225872115e-05
Visa_cadelantosefectivo_delta1	7.3907513725729e-06	1.01265958380887e-05	1.27223225872115e-05
Master_mpagado_delta1	7.18905343760539e-06	7.34685218391061e-06	1.27223225872115e-05
cforex_buy_mean6	7.09553105154535e-06	3.99968994732354e-05	3.81669677616346e-05
Visa_cadelantosefectivo_lag1	6.69043448084822e-06	1.4075717937025e-05	2.5444645174423e-05
cseguro_vivienda	6.62746196597444e-06	2.95665062478752e-05	1.27223225872115e-05
Master_madelantopesos_lag1	6.50219453180867e-06	1.28270116374886e-05	1.27223225872115e-05
mv_cadelantosefectivo_mean6	6.38513696482198e-06	5.55099347101488e-05	3.81669677616346e-05
mvr_Master_mlimitecompra_delta1	5.89180745689718e-06	6.61808484300084e-05	6.36116129360576e-05
ccheques_emitidos_lag1	5.52378262476068e-06	4.88778626002569e-06	1.27223225872115e-05
cseguro_vivienda_lag1	5.4453120512395e-06	9.64765269518774e-06	1.27223225872115e-05
mcheques_depositados_delta1	5.44424684629573e-06	3.52493761790689e-05	5.08892903488461e-05
Master_delinquency_delta1	5.42240938393055e-06	1.64491136807191e-05	1.27223225872115e-05
ccajas_otras	5.16584695602309e-06	0.000131931833558387	2.5444645174423e-05
mcheques_emitidos_delta1	5.09927865459056e-06	1.13234414305961e-05	1.27223225872115e-05
cinversion2_mean6	4.87969397023948e-06	3.65498456113972e-06	1.27223225872115e-05
mv_mpagosdolares_lag1	4.65658915565614e-06	6.5584718628327e-05	2.5444645174423e-05
minversion2_delta1	4.45755667449279e-06	2.98986977381485e-06	1.27223225872115e-05
cforex_delta1	3.96271676237949e-06	5.44844782651417e-05	1.27223225872115e-05
mprestamos_prendarios_mean6	3.86027026590131e-06	7.45664759422929e-05	1.27223225872115e-05
mv_mpagosdolares	3.75310119114652e-06	4.42767494488882e-06	1.27223225872115e-05
mv_msaldodolares	3.35262950133825e-06	7.38095437978386e-05	5.08892903488461e-05
Visa_madelantopesos_lag1	3.34799216697754e-06	5.62134937468987e-06	1.27223225872115e-05
catm_trx_other_delta1	2.98804662865457e-06	3.06104530108164e-05	3.81669677616346e-05
mv_madelantopesos_mean6	2.89876625346932e-06	1.89734079821183e-05	1.27223225872115e-05
mcaja_ahorro_adicional_lag1	2.80253722706324e-06	5.33186612800382e-05	1.27223225872115e-05
ccajas_consultas_delta1	2.73936494681949e-06	4.29845250395965e-05	5.08892903488461e-05
cseguro_accidentes_personales	2.499416633355e-06	4.82602176792906e-06	1.27223225872115e-05
tcuentas_lag1	1.85981661398877e-06	7.85672148126655e-05	1.27223225872115e-05
mv_status07_lag1	1.5889028763849e-06	1.13104152699407e-05	1.27223225872115e-05
mcajeros_propios_descuentos_mean6	1.51375392000281e-06	2.16452833171608e-05	2.5444645174423e-05
ccheques_emitidos_delta1	1.40687263627124e-06	6.95611615136568e-06	1.27223225872115e-05
mvr_madelantopesos_mean6	1.15840460869405e-06	2.32600881543695e-05	1.27223225872115e-05
mforex_sell_delta1	1.11427428089054e-06	2.81589490903083e-05	3.81669677616346e-05
ccajas_depositos_delta1	8.79817235758286e-07	3.34249818805276e-05	2.5444645174423e-05
cforex_sell	7.58847575906895e-07	6.74145282970284e-06	1.27223225872115e-05
Master_msaldodolares_delta1	5.87480279543902e-07	1.6043546364132e-05	1.27223225872115e-05
cforex_sell_delta1	2.00063045557504e-07	1.34520234133574e-05	1.27223225872115e-05
mpagodeservicios_mean6	7.8448666102083e-08	1.05536782739606e-05	1.27223225872115e-05
cpagodeservicios_mean6	5.70946543451305e-08	1.16058212728199e-05	1.27223225872115e-05
minversion1_dolares_mean6	5.22116262498332e-08	1.15828913270968e-05	1.27223225872115e-05
mtarjeta_master_descuentos_mean6	3.50714045927081e-08	8.99205139598201e-06	1.27223225872115e-05
mtarjeta_visa_descuentos_delta1	2.90271793411936e-08	1.14264798249943e-05	1.27223225872115e-05
cinversion1_mean6	1.54571059793479e-08	1.24879411634984e-05	1.27223225872115e-05
Master_madelantodolares_mean6	2.71446340472118e-15	5.50435786438363e-06	2.5444645174423e-05
