Feature	Gain	Cover	Frequency
ctrx_quarter_normalizado	0.152086795493147	0.0131122690502357	0.00617419886303392
ctrx_quarter	0.0771238611922277	0.00668568473267827	0.00539120931105076
mcuentas_saldo	0.0423463799934982	0.00814419514776416	0.00954268516479483
mcaja_ahorro	0.0336941540378369	0.00781504369005508	0.0124788959847317
mtarjeta_visa_consumo	0.0213034340325434	0.012824406510781	0.0107334817751026
mpasivos_margen	0.0201833530827362	0.00571587728001049	0.00649228836852708
cpayroll_trx	0.0159266920761689	0.0086435036465463	0.00379260564241846
mpayroll_sobre_edad	0.0146279238400981	0.0123559309032614	0.00448587764157022
foto_mes	0.0139641085066149	0.0160564213275541	0.0112310063862585
mpayroll	0.0127359121519648	0.0118801545480887	0.00402097759508022
mprestamos_personales	0.0113280399592088	0.00793429744910018	0.00367841966608758
mv_Finiciomora	0.0101374926417511	0.00585301951447728	0.00132945101013808
mv_Finiciomora_lag1	0.00930056794001237	0.00608020894530326	0.00200641072695686
mcaja_ahorro_lag1	0.00806633475154865	0.00348698591556127	0.00580717251054181
Visa_Finiciomora_mean6	0.00777938642855673	0.00263767359494321	0.00141916856296949
mprestamos_personales_mean6	0.00729318892589736	0.00171476751190603	0.0016883212214637
ctarjeta_visa_trx	0.00721508500726726	0.00601956881363787	0.0075118060143385
mv_mpagospesos	0.00703198709122532	0.00300883061157154	0.00315642663143214
mactivos_margen	0.00642841945676823	0.00677288902489012	0.00955084130596132
mv_Finiciomora_delta1	0.00641252175697057	0.00483714557363541	0.00101136150464492
mrentabilidad_annual_delta1	0.00617903773462521	0.00537527660372142	0.00927353250630062
cliente_vip_lag1	0.0056921081022772	0.00331961887054051	0.0012234211749737
mvr_mpagospesos	0.00547953608342454	0.00217030527826966	0.0023489686559495
mpasivos_margen_mean6	0.00505854384279834	0.00150680499670616	0.00346635999575881
mdescubierto_preacordado	0.0050150230591213	0.000554353055821777	0.0005627737404879
Visa_Finiciomora	0.00487926210187045	0.00489420597051103	0.00100320536347843
mcuenta_corriente_delta1	0.00477638276880628	0.00637001453713639	0.00528517947588637
mcuenta_corriente	0.00475777438825573	0.00281590926726631	0.00574192338120988
mprestamos_personales_delta1	0.00464127401652287	0.00636739719127677	0.00303408451393477
mrentabilidad_mean6	0.00449313154712988	0.00187787762958214	0.00415147585374408
ctrx_quarter_delta1	0.00432821505475297	0.00317954681148455	0.00608448131020252
cprestamos_personales_mean6	0.00431805427448	0.00143703029796459	0.00173725806846265
ctrx_quarter_normalizado_delta1	0.00430796028161298	0.00412135449266332	0.00566851811071146
mv_status07	0.00421958063679768	0.000103798797148924	8.15614116649131e-05
ctrx_quarter_normalizado_mean6	0.00420483586735445	0.00130333557981916	0.00218584583261967
mactivos_margen_mean6	0.00410058683105366	0.00311453114929868	0.00644335152152814
cliente_edad_mean6	0.00404114062385202	0.00793807701289857	0.00940403076496448
mcuentas_saldo_delta1	0.0039124989110564	0.00612717424986278	0.0072263410735113
Visa_Finiciomora_lag1	0.00389912200216603	0.00234370286250955	0.000628022869819831
mv_msaldototal	0.00365446426278736	0.00165998402680694	0.00239790550294845
mcuenta_corriente_mean6	0.00352696299561329	0.00523429687575141	0.00681853401518674
mcaja_ahorro_mean6	0.00344595370250798	0.00241104399595643	0.005162837358389
chomebanking_trx_mean6	0.003438831564159	0.00294001933714359	0.0053504286052183
mactivos_margen_delta1	0.00334129913512622	0.00303454467052458	0.00573376724004339
mrentabilidad_annual_mean6	0.00327650698089839	0.00427316096667454	0.00515468121722251
cliente_edad	0.00312671523524866	0.00529143031893044	0.00766677269650183
mcuenta_corriente_lag1	0.00304872539130977	0.00231928696734417	0.00436353552407285
cpayroll_trx_mean6	0.00294998092572796	0.000870575317826872	0.00126420188080615
chomebanking_trx_delta1	0.00292651332717981	0.00645304105706944	0.00540752159338374
cliente_edad_lag1	0.00281584245821208	0.00665542083639852	0.007503649873172
ccomisiones_mantenimiento_mean6	0.00280221378040436	0.0048821991461663	0.00381707406591793
mtransferencias_recibidas	0.00276373948422105	0.0028932120838699	0.00335217401942793
mrentabilidad_delta1	0.00273678621266395	0.0022065733114902	0.00531780404055233
ccaja_ahorro	0.00270804965255575	0.00699120097435411	0.00212059670328774
mdescubierto_preacordado_mean6	0.00270194343888136	0.000538365906824908	0.00061986672865334
cproductos	0.00267323947959521	0.00719294352693004	0.00486921627639531
mcuentas_saldo_lag1	0.00266002277092786	0.00714537267835137	0.00528517947588637
mcomisiones_mean6	0.00259820226889242	0.00167751798693042	0.00358870211325618
mrentabilidad_annual_lag1	0.00255814049604439	0.00193262032057274	0.00494262154689373
mcaja_ahorro_delta1	0.00251750088844798	0.00577312083622096	0.00455112677090215
mcuentas_saldo_mean6	0.00246722662992035	0.00242736365835289	0.00365395124258811
ctransferencias_recibidas_mean6	0.00244902610179706	0.00316860503434045	0.0048855285587283
thomebanking_mean6	0.00244559254116429	0.00145666826082605	0.0030993336432667
mcuenta_debitos_automaticos	0.00238787088413368	0.0083930891668465	0.00274046343194108
mv_mpagominimo	0.00236147473427819	0.00366403301943643	0.00351529684275775
mpasivos_margen_delta1	0.00231095896688302	0.00257806574059182	0.00469793731189899
mtarjeta_visa_debitos_automaticos_mean6	0.00230588108713896	0.00206187438257777	0.00295252310226985
Visa_mpagospesos_mean6	0.00225631844450133	0.00255608589564144	0.00363763896025512
mcaja_ahorro_dolares_delta1	0.00225270583475338	0.00513102042956027	0.00340111086642688
cprestamos_personales_delta1	0.00225078399047113	0.00364023390220078	0.000921643951813518
mrentabilidad_lag1	0.00223890279495313	0.00140784014610658	0.00432275481824039
mrentabilidad	0.00223524306698802	0.00203373871700906	0.0041270074302446
mcomisiones_otras_mean6	0.00223247869642186	0.00311239101167779	0.00332770559592845
mtransferencias_emitidas_mean6	0.0022279360461955	0.00351425356740261	0.00633732168636375
mtransferencias_recibidas_lag1	0.00218772608982169	0.00649518090522403	0.00388232319524986
numero_de_cliente	0.0021828932735984	0.00199991315338101	0.0047876548647304
mv_msaldopesos	0.00217480561019427	0.00222274336097605	0.00238974936178195
Visa_mpagospesos	0.00216598161020225	0.00302171161017526	0.00517099349955549
mcomisiones_mantenimiento_mean6	0.00216216212678341	0.00184080743302257	0.00340111086642688
mcomisiones_mantenimiento	0.00215927984730533	0.00320066625277603	0.00273230729077459
mprestamos_personales_lag1	0.00215011777612577	0.000972550235234109	0.0010276737869779
mautoservicio	0.00212832005462968	0.00588303600587822	0.00252840376161231
cprestamos_personales	0.00210915409571579	0.000736325685913705	0.000570929881654392
Master_fultimo_cierre_mean6	0.00210314829065659	0.00194400229099672	0.00393126004224881
mv_fultimo_cierre_mean6	0.00208048541104172	0.00154293630754023	0.00343373543109284
mactivos_margen_lag1	0.00204548438558809	0.00300760642593243	0.00517914964072198
ccomisiones_otras_mean6	0.0020139148067957	0.0064487680812811	0.00466531274723303
Visa_fechaalta_mean6	0.00199187374904248	0.00166381277131989	0.00387416705408337
Master_Fvencimiento_mean6	0.00197514480212465	0.00130016901480086	0.00427381797124145
ctarjeta_visa	0.00197012294556772	2.20001384662828e-05	2.44684234994739e-05
chomebanking_trx	0.00191025008885228	0.00210750145400958	0.00362948281908863
Visa_cconsumos_mean6	0.00190253982268694	0.00172495206135345	0.00304224065510126
Master_Fvencimiento_lag1	0.00190056215696855	0.00137744791404642	0.00390679161874934
Visa_fultimo_cierre_mean6	0.00189957988399271	0.00139650999662499	0.00310748978443319
Master_Fvencimiento	0.00188706982112518	0.00122764433757788	0.00410253900674513
Visa_mpagospesos_delta1	0.00186631070125688	0.00239084785786932	0.00376813721891899
ctrx_quarter_mean6	0.00185129862793716	0.00122124131915744	0.00198194230345739
mpasivos_margen_lag1	0.00183732422724562	0.00178971881735448	0.00389047933641635
ctrx_quarter_lag1	0.00182883368032816	0.00190281038817295	0.00294436696110336
ctarjeta_visa_debitos_automaticos_mean6	0.00181442645003391	0.0050561306258896	0.00329508103126249
mcomisiones_otras	0.00180538079472424	0.00172973273742355	0.0029117423964374
mv_Fvencimiento	0.00175035859152241	0.00118853329667166	0.003286924890096
chomebanking_trx_lag1	0.00174284979132448	0.00132834506032468	0.00374366879541951
mrentabilidad_annual	0.00173813531693716	0.00136846782618312	0.00322167576076407
ctarjeta_visa_trx_mean6	0.00172102974678752	0.00196443801681749	0.00212059670328774
mtransferencias_emitidas_delta1	0.00171228576077682	0.00712159312986319	0.0046000636179011
mcaja_ahorro_dolares_mean6	0.00170905445401707	0.00142077239619178	0.00331139331359547
Visa_mpagominimo	0.00169829585338168	0.00272478019872519	0.0038496986305839
mcomisiones	0.0016886716964738	0.00187008440178407	0.00284649326710547
mtransferencias_recibidas_mean6	0.0016846141812096	0.00149530173110933	0.00349082841925828
cproductos_mean6	0.00167738280911739	0.00330596102372347	0.0048855285587283
Visa_Fvencimiento_mean6	0.00167322666355394	0.00106186505309976	0.00326245646659652
mcomisiones_lag1	0.00167003668948849	0.0010750467788307	0.00311564592559968
cliente_antiguedad	0.00164623262649517	0.00246498913106441	0.00392310390108232
Visa_Fvencimiento	0.00162116159720654	0.00126434003593839	0.00331139331359547
tmobile_app_delta1	0.00161241774334783	0.000820455924619794	0.00203903529162283
Master_fechaalta	0.00161087225037211	0.0046733426291141	0.00426566183007495
Master_fechaalta_mean6	0.00158030438406573	0.0016505528223682	0.00389047933641635
cmobile_app_trx_mean6	0.00157467063939285	0.0013390492169637	0.00327876874892951
mcomisiones_delta1	0.00156747732970141	0.00140687920671329	0.00322167576076407
mtransferencias_emitidas_lag1	0.00154884709868849	0.00238269307416548	0.00360501439558916
mcomisiones_otras_delta1	0.00154380198935909	0.0010868381398765	0.0031890511960981
cliente_antiguedad_mean6	0.00151170620684121	0.00163696947139142	0.00349898456042477
Visa_mconsumospesos	0.00150594453803066	0.00132927364398471	0.00325430032543003
Visa_fechaalta_lag1	0.00149856470661322	0.00145098825067878	0.00370288808958705
mv_status06_mean6	0.00148729988595061	3.8483132604246e-05	0.000106029835164387
Visa_fechaalta	0.00145680224338455	0.00147285875913533	0.00423303726540899
mcomisiones_otras_lag1	0.00145576138894708	0.00102423761315965	0.00277308799660705
mpagomiscuentas	0.00145413606750796	0.00466444444008283	0.0021613774091202
Master_fultimo_cierre	0.00143798392027628	0.00205005589448521	0.00307486521976722
mv_Finiciomora_mean6	0.00143416401268109	0.00362595710314872	0.00194931773879142
ctrx_quarter_normalizado_lag1	0.00142640791520203	0.00152185025736548	0.00287911783177143
mvr_msaldopesos2	0.00142623906752984	0.00141679072554115	0.00334401787826144
mvr_mpagominimo	0.00140153050519012	0.00481086210554614	0.00429828639474092
mpayroll_mean6	0.00137938893783538	0.00380486380749509	0.00332770559592845
internet_mean6	0.00137867744277749	0.001130674619145	0.00194931773879142
Visa_mpagospesos_lag1	0.00137148083270958	0.0019759500314046	0.00358054597208969
cmobile_app_trx_lag1	0.00136501468494433	0.00280439476775889	0.00296067924343635
mv_fechaalta	0.00136029763786047	0.00141721455976229	0.00327876874892951
Visa_fultimo_cierre	0.00135799609536056	0.0010606523602171	0.00269152658494213
Master_mfinanciacion_limite	0.00135050463019256	0.00235609428004213	0.00297699152576933
mdescubierto_preacordado_delta1	0.00134349076626715	0.00250356814017746	0.000554617599321409
ctransferencias_emitidas_mean6	0.00133790734246198	0.00193254737780767	0.00325430032543003
internet	0.0013372730620268	0.000862745385684983	0.00155782296279984
mv_Fvencimiento_mean6	0.00133206744138373	0.00101691294814838	0.0029117423964374
mv_fechaalta_mean6	0.00133167501907246	0.00135324763748749	0.00304224065510126
mv_Fvencimiento_lag1	0.00132198120218052	0.000937417189367226	0.00270783886727511
Visa_msaldototal	0.00130967649194749	0.00176255506624379	0.00241421778528143
ctarjeta_master	0.00130629337419422	7.42601869859765e-05	9.78736939978957e-05
mv_cconsumos_mean6	0.00129502237038613	0.00157754073837937	0.00230818795011704
Visa_mconsumospesos_lag1	0.00128673292338209	0.00100682230798118	0.00237343707944897
Visa_Fvencimiento_lag1	0.00128345072544115	0.000933480454358943	0.00260180903211073
cliente_antiguedad_lag1	0.00128078321008542	0.00127875345383857	0.00298514766693582
mvr_mpagominimo_lag1	0.00127839983434882	0.00252473298303385	0.00392310390108232
mv_fultimo_cierre	0.00127392041794782	0.000965842192845054	0.00244684234994739
mv_mpagominimo_mean6	0.00126626341135409	0.00225478350935813	0.00275677571427406
mv_status02_mean6	0.00125548036043895	0.000510860634478492	0.000554617599321409
Visa_mpagominimo_mean6	0.00125072837454962	0.00162186379610696	0.00260996517327722
mvr_msaldopesos2_mean6	0.00124623446818972	0.00170524736802771	0.0054401461580497
Master_fultimo_cierre_lag1	0.00124087609464857	0.00146445584578425	0.00271599500844161
Visa_mconsumospesos_delta1	0.00123491791875547	0.00148808899105056	0.00266705816144266
mv_fechaalta_lag1	0.0012324384675995	0.00162169067999171	0.00315642663143214
Visa_mconsumospesos_mean6	0.00123005927783382	0.00169381430142976	0.0023489686559495
mvr_mpagominimo_mean6	0.00122978368051705	0.00198919284475994	0.00388232319524986
Visa_msaldopesos	0.00122234992972736	0.00183082245373791	0.00274861957310757
Master_fechaalta_lag1	0.00121988900311664	0.000984061525052791	0.00311564592559968
ccallcenter_trx_mean6	0.00121373250453643	0.00302647427057308	0.00339295472526038
cmobile_app_trx_delta1	0.00121084577587626	0.00430079302172617	0.00274046343194108
mvr_mpagospesos_delta1	0.00117129936011534	0.00168263982185204	0.00233265637361651
Visa_cconsumos	0.00114455843077282	0.00139558715934319	0.00237343707944897
mtransferencias_recibidas_delta1	0.00113717387689631	0.0033948817228734	0.00255287218511178
mv_status04	0.00113336718225558	7.16190273066779e-05	8.15614116649131e-05
mpayroll_sobre_edad_mean6	0.00112895109568717	0.00265232841249811	0.00274046343194108
mcomisiones_mantenimiento_lag1	0.00112283053970787	0.00384822256083312	0.00223478267961862
mv_mpagospesos_delta1	0.00110917224183932	0.00333432525019194	0.00223478267961862
ccomisiones_otras_lag1	0.00109883359244659	0.0020770261324264	0.00238974936178195
Visa_mfinanciacion_limite	0.00109455307542601	0.000917338515534148	0.00201456686812335
Visa_mpagominimo_lag1	0.00109425783568889	0.00130792408871827	0.00284649326710547
ccajas_consultas_mean6	0.00108754657171412	0.00614464536220998	0.00238974936178195
mvr_mpagominimo_delta1	0.00108013100221166	0.00377452329283898	0.00250393533811283
Visa_delinquency	0.00107996757491785	0.000914303133600785	0.000342557928992635
mcuenta_debitos_automaticos_mean6	0.00107500246122046	0.00127859607555198	0.00199009844462388
cmobile_app_trx	0.00107277671219184	0.00151398947079635	0.00213690898562072
ccomisiones_mantenimiento	0.00106623678661195	0.00244018900509539	0.000986893081145448
tmobile_app_mean6	0.00106544315356236	0.000646416506170327	0.00203903529162283
mcaja_ahorro_dolares	0.00105189859748201	0.00105065956378728	0.00215322126795371
Visa_msaldototal_delta1	0.00104790625486627	0.00128738177016984	0.00203903529162283
cpagomiscuentas_mean6	0.00104597591754358	0.00181733611819174	0.00209612827978827
Visa_mlimitecompra	0.00104192243680403	0.000795408911463693	0.00192484931529195
mv_fultimo_cierre_lag1	0.00103706312167485	0.00101210856179695	0.00226740724428458
Visa_mconsumosdolares_mean6	0.00103515637137783	0.000721640428084953	0.0021613774091202
mvr_msaldopesos	0.00103451602567557	0.00158497541288373	0.00161491595096528
ctarjeta_visa_trx_lag1	0.00102438406849668	0.00240146794137103	0.00216953355028669
mautoservicio_mean6	0.00101655872645599	0.00114044253028635	0.0028138687024395
mtarjeta_visa_debitos_automaticos_delta1	0.00100692163923736	0.00230542307921771	0.00202272300928984
cextraccion_autoservicio_mean6	0.00100649012954654	0.00186345354723228	0.00214506512678721
mtarjeta_visa_consumo_lag1	0.00100494895835985	0.00270133818524641	0.00225925110311809
ctarjeta_debito_mean6	0.00100489345905592	0.00107951528678629	0.00214506512678721
mpayroll_sobre_edad_delta1	0.000997146328707843	0.00765215157236739	0.00247946691461336
mpagomiscuentas_mean6	0.000997056312360361	0.00173063776610977	0.00221031425611915
Visa_mpagominimo_delta1	0.000993783620072969	0.0011495172521983	0.0022510949619516
mtarjeta_visa_consumo_delta1	0.000977692433496824	0.00140904289930798	0.00196563002112441
tcallcenter_mean6	0.000976827189964357	0.00192106544111021	0.00224293882078511
ctarjeta_visa_trx_delta1	0.000973088333674071	0.0030082896237114	0.00189222475062598
ccomisiones_otras	0.000972136765972985	0.000992692067458515	0.00195747387995791
tmobile_app	0.000970349120383128	0.000480194905876216	0.0010358299281444
cproductos_lag1	0.000964700933353641	0.00227222594158336	0.00246315463228038
mcaja_ahorro_dolares_lag1	0.000964281354575221	0.00157056323744371	0.00221031425611915
ccajas_trx_mean6	0.000962380747648593	0.00292767539194285	0.00325430032543003
mvr_mpagospesos_lag1	0.000959150265382933	0.000939907493675764	0.00199825458579037
Master_mfinanciacion_limite_lag1	0.000956045809885629	0.00324175441017666	0.00190038089179248
mv_mpagospesos_mean6	0.000953671271316911	0.0013244007670171	0.00185144404479353
ctarjeta_debito_trx_mean6	0.000948930330402538	0.00145863983801893	0.00297699152576933
mtarjeta_visa_debitos_automaticos	0.000947435153904971	0.00104623899408609	0.00175357035079563
Master_mlimitecompra	0.000944565000097385	0.000831600171000351	0.00194116159762493
mv_status07_delta1	0.000943154472020847	0.00132644720243446	0.000383338634825092
mvr_msaldopesos2_lag1	0.000939101958440095	0.00167544421738961	0.00358054597208969
Visa_mlimitecompra_mean6	0.000934016013724362	0.000723327533670994	0.00179435105662809
Master_mlimitecompra_mean6	0.00093180042424485	0.000785110573373538	0.00186775632712651
ccallcenter_trx	0.000930224405869358	0.0061094983904355	0.0019737861622909
tcallcenter	0.000921990839948069	0.00154862879405824	0.00121526503380721
matm_mean6	0.000919940247631947	0.00108548251230658	0.00195747387995791
mv_mpagominimo_delta1	0.000904503607802098	0.00187638735039268	0.00183513176246054
mextraccion_autoservicio_mean6	0.00089299749224096	0.00105912941467933	0.00183513176246054
mforex_sell_mean6	0.000890669604427694	0.00417086409677905	0.00184328790362704
ccaja_ahorro_mean6	0.000889382375677268	0.00108019895048783	0.00119895275147422
ccomisiones_mantenimiento_delta1	0.000886311761537773	0.00171378570953593	0.000791145693149657
mpagomiscuentas_lag1	0.000880987636057916	0.00403291224421229	0.00190853703295897
mpayroll_sobre_edad_lag1	0.000880096371947894	0.00183205243752443	0.00192484931529195
mvr_mconsumospesos_mean6	0.000878490204662573	0.000713359948828537	0.00182697562129405
Visa_mfinanciacion_limite_mean6	0.000874528734141007	0.000610514325696926	0.00179435105662809
mtarjeta_visa_consumo_mean6	0.000869438283062581	0.0005709149979489	0.00120710889264071
mvr_msaldopesos2_delta1	0.000867275982200959	0.00116571841495725	0.00220215811495265
Visa_fultimo_cierre_lag1	0.000864766008504545	0.0012239488469168	0.00222662653845213
mvr_msaldopesos_lag1	0.000864163077113922	0.00125998138216837	0.00139470013947001
ccaja_seguridad	0.000862986173992316	0.00277366629491867	0.000709584281484744
ctransferencias_recibidas	0.000857427319595391	0.00464374966131928	0.00174541420962914
mvr_msaldototal	0.000854852049553421	0.00119741352179982	0.001875912468293
Master_mfinanciacion_limite_mean6	0.000842266907157743	0.000744664405489992	0.00189222475062598
ccuenta_debitos_automaticos_mean6	0.000836421682676691	0.00358571868495731	0.00195747387995791
internet_lag1	0.000834350324158046	0.000712731678142349	0.00123157731614019
Master_mpagominimo	0.000833784168443445	0.00228229540815871	0.00161491595096528
ccomisiones_otras_delta1	0.00082398787494291	0.00085186267716753	0.00160675980979879
Visa_msaldopesos_delta1	0.000822965007079275	0.00102363910974806	0.00164754051563124
mvr_mpagospesos_mean6	0.000816925775182886	0.000918765843408976	0.00172910192729616
mautoservicio_lag1	0.00081371899055256	0.00115554836087834	0.00248762305577985
Visa_cconsumos_lag1	0.0008096576104098	0.00101540599928514	0.0017861949154616
mtransferencias_emitidas	0.000809135464544392	0.00260582789157575	0.00402913373624671
Visa_mlimitecompra_lag1	0.000805789507621102	0.00070116447761659	0.00149257383346791
mtarjeta_visa_debitos_automaticos_lag1	0.000805784688182627	0.00206637669580347	0.00167200893913072
catm_trx_mean6	0.000793770761049195	0.000814662384675656	0.00163122823329826
mvr_mconsumospesos_delta1	0.000793768113123238	0.00183943611939317	0.00173725806846265
ctransferencias_emitidas_delta1	0.000792861807540848	0.0012551859518839	0.00155782296279984
mv_mfinanciacion_limite_mean6	0.000791675914821793	0.00049990928003735	0.00146810540996844
mvr_mconsumosdolares_mean6	0.000787417145923309	0.000709018585962373	0.00181066333896107
internet_delta1	0.000784953330942803	0.000425781829211508	0.00104398606931089
mv_status01_mean6	0.000762115826362267	0.00377805275976154	0.000799301834316148
mvr_Visa_mlimitecompra_mean6	0.00075528251312745	0.000814286644016431	0.00159044752746581
Visa_msaldototal_mean6	0.00075354932032485	0.000763606538894215	0.00146810540996844
Master_cconsumos_mean6	0.00075201458943151	0.00197912839979439	0.001875912468293
Visa_mconsumosdolares_lag1	0.000751162755455471	0.000699642308616425	0.00159044752746581
Master_Finiciomora	0.000742346199714931	0.000761039616209313	0.000146810540996844
Visa_mfinanciacion_limite_lag1	0.000739744321458153	0.000475749228126015	0.00145994926880194
mcomisiones_mantenimiento_delta1	0.000728105649880608	0.00204657032782153	0.00113370362214229
mvr_msaldototal_lag1	0.000725207734886933	0.000905284581241783	0.00148441769230142
Visa_cconsumos_delta1	0.000719486032961803	0.00185933515419517	0.00176988263312861
Visa_mpagado_mean6	0.000716856952651066	0.00153939451955443	0.00137023171597054
Master_mpagospesos_mean6	0.000715605246267153	0.00125872204526064	0.00180250719779458
mvr_mconsumospesos	0.00070812353323748	0.000790798659511828	0.00146810540996844
mv_cconsumos	0.00070759747931116	0.000945153005152202	0.0011255474809758
mvr_Master_mlimitecompra	0.000707565981610009	0.000738450033936756	0.00146810540996844
mautoservicio_delta1	0.000700163230988979	0.00220826103830632	0.00175357035079563
mv_mpagospesos_lag1	0.000697595891412731	0.001125007240676	0.00165569665679774
mvr_Visa_mlimitecompra	0.000693954990953637	0.000434831235997749	0.0013131387278051
Master_msaldopesos	0.000693905825183238	0.00439891745156771	0.00133760715130457
Visa_msaldototal_lag1	0.000690683198886992	0.000614918018647646	0.00149257383346791
mv_mpagominimo_lag1	0.000688942790574472	0.00139496789649314	0.00218584583261967
mv_mlimitecompra_mean6	0.000683773374359603	0.000408167368023665	0.00125604573963966
Master_msaldototal	0.000683721758317523	0.00123522821083946	0.00118264046914124
cproductos_delta1	0.000680003173769723	0.00433498713009838	0.000766677269650183
mplazo_fijo_dolares_delta1	0.000677665083046191	0.00561055413955613	0.000823770257815622
ccaja_seguridad_mean6	0.000676873372261095	0.000387320594967534	0.000228371952661757
Visa_delinquency_mean6	0.000670363776766548	0.0044683362372434	0.00173725806846265
mvr_msaldopesos_mean6	0.000664330797172261	0.000403473250011185	0.00130498258663861
mvr_Master_mlimitecompra_lag1	0.000654199955674817	0.000649965386532852	0.00130498258663861
mpayroll_delta1	0.00065236700482052	0.00336221164719159	0.00199009844462388
mvr_mconsumospesos_lag1	0.000652208119142054	0.00105169753571033	0.00140285628063651
mv_msaldototal_mean6	0.000641168641102943	0.00214956577094044	0.00166385279796423
ccaja_ahorro_lag1	0.000639377769014958	0.00109073221708605	0.000929800092980009
mcuenta_debitos_automaticos_delta1	0.000638069478953578	0.00277983407421601	0.00127235802197264
ctransferencias_recibidas_lag1	0.000635215998948286	0.00108267289573763	0.00172094578612967
mv_mconsumospesos_mean6	0.000630132533244678	0.00165237851403095	0.00132945101013808
mv_status04_delta1	0.000626939192506743	0.000819262023947012	0.000293621081993687
Master_mconsumospesos_mean6	0.000624215258206016	0.00131318404379404	0.00169647736263019
mplazo_fijo_dolares	0.000611368147478109	0.004109343009093	0.0007503649873172
Master_mlimitecompra_lag1	0.000610489725378172	0.000606524941439479	0.00127235802197264
Visa_status_mean6	0.000609274553991785	0.000517190295980488	0.000285464940827196
Visa_msaldopesos_mean6	0.000608848358749348	0.000911212928112983	0.00145994926880194
Master_fultimo_cierre_delta1	0.000604942518373431	0.000333232162788083	0.00114185976330878
mv_mconsumosdolares_mean6	0.000596559153375983	0.00103103309368227	0.00144363698646896
mv_fultimo_cierre_delta1	0.000593937208857545	0.000368213887361647	0.00117448432797475
mv_mfinanciacion_limite	0.000592897929718389	0.00041808893007113	0.00109292291630984
Visa_fechaalta_delta1	0.000591677841361419	0.00096436071441504	0.000668803575652287
Visa_msaldopesos_lag1	0.000583670774924168	0.00073671944224521	0.00146810540996844
mvr_Master_mlimitecompra_mean6	0.000582258421336729	0.000523933179023119	0.00143548084530247
Visa_mconsumosdolares	0.000574038271051754	0.000611880100024795	0.00119895275147422
Visa_mconsumototal	0.000572385578493457	0.000536960632617872	0.00123973345730668
thomebanking	0.000572278533763325	0.000974018357217433	0.000848238681315096
mv_msaldototal_delta1	0.000571521581447979	0.00139617142623214	0.00148441769230142
Visa_mconsumosdolares_delta1	0.000568093861879688	0.000853378530328562	0.00128051416313914
ctarjeta_debito_trx	0.000566279169683777	0.00123662235467425	0.0015986036686323
mextraccion_autoservicio	0.000555511173644483	0.000799732258657577	0.00113370362214229
mv_msaldopesos_mean6	0.000554350555396406	0.00141379044310723	0.00146810540996844
Master_mpagominimo_lag1	0.000551843910608564	0.00162669841565555	0.00106845449281036
ctarjeta_debito_trx_lag1	0.000548569712187165	0.00177648677198717	0.00210428442095476
Visa_mconsumototal_lag1	0.000546237839117873	0.000466164994011246	0.000986893081145448
cplazo_fijo	0.00054471980932161	0.00198668022793775	0.000424119340657548
mvr_Visa_mlimitecompra_lag1	0.000536489775706692	0.000523565721431609	0.00119079661030773
mv_fechaalta_delta1	0.000529600134736465	0.000651254283638491	0.000456743905323513
Visa_mconsumototal_mean6	0.000528038228563926	0.000509684387093778	0.000978736939978957
Master_mpagominimo_mean6	0.000526517752714689	0.000829419135732625	0.00154966682163335
Master_mpagospesos	0.00052544183644366	0.00225400852483503	0.00189222475062598
tmobile_app_lag1	0.000515947710424508	0.000322704642568087	0.000913487810647027
Master_mpagospesos_delta1	0.000512293092308282	0.00233532578197591	0.000937956234146501
ctransferencias_recibidas_delta1	0.000507188994013061	0.00141087853065199	0.00109292291630984
mprestamos_hipotecarios_mean6	0.000500633453878132	0.0068824604472372	0.00068511585798527
mv_mconsumospesos_delta1	0.000498139603243344	0.000741436856385639	0.00115817204564177
ccaja_seguridad_lag1	0.000497622654025278	0.00168590630137466	0.0003751824936586
ctransferencias_emitidas_lag1	0.000496710451761323	0.0057058749580528	0.0015007299746344
Visa_fultimo_cierre_delta1	0.000495715238302688	0.000310750726318381	0.0010276737869779
mv_cconsumos_lag1	0.000489989197511777	0.00104435257718316	0.00114185976330878
ccajas_depositos_mean6	0.000487515350549447	0.00472251433583623	0.00100320536347843
ctarjeta_master_trx_mean6	0.000485416985704377	0.000861857596133447	0.000864550963648079
mvr_msaldodolares2_mean6	0.000479759428113793	0.000807672873291809	0.00141916856296949
mtarjeta_master_consumo	0.000476848794679166	0.00211943662981858	0.000734052704984218
mdescubierto_preacordado_lag1	0.000473172035028123	4.77463460758823e-05	8.15614116649131e-05
mv_mlimitecompra	0.000470134790849318	0.000313555373046706	0.00080745797548264
mpayroll_lag1	0.000469652807522729	0.00225580662352846	0.00230003180895055
ctarjeta_debito_trx_delta1	0.000463453159500086	0.00133106780822097	0.00119079661030773
ccuenta_debitos_automaticos	0.000463237081949296	0.000968245576711757	0.000791145693149657
Visa_mconsumototal_delta1	0.000461414419468279	0.000742661300870621	0.0010276737869779
mextraccion_autoservicio_lag1	0.000459439298903287	0.000402639403938143	0.00145179312763545
Master_mpagominimo_delta1	0.000459175417722551	0.0011972005434212	0.000962424657645975
cpayroll_trx_lag1	0.000456774660261959	0.000716927310785901	0.000513836893488953
ctarjeta_visa_debitos_automaticos_lag1	0.000455462438864653	0.00144504934289625	0.000905331669480535
Master_msaldototal_delta1	0.000450330173051132	0.0032261138557945	0.0010358299281444
mv_msaldopesos_delta1	0.000449761436090007	0.00124047983107834	0.000978736939978957
mv_Fvencimiento_delta1	0.000447395056554014	0.000534640338274186	0.00061986672865334
Master_msaldopesos_mean6	0.000444774333428611	0.000432906665214151	0.00116632818680826
ctransferencias_emitidas	0.000444611682113412	0.00146831798141392	0.00156597910396633
mvr_msaldopesos_delta1	0.000438509476825599	0.000846665880483091	0.00105214221047738
mvr_msaldototal_delta1	0.000431630434161685	0.00167240992260888	0.00136207557480405
ccajas_extracciones_mean6	0.000431293062530662	0.00148048057920087	0.00118264046914124
mv_cconsumos_delta1	0.000428807622905714	0.00243038935945086	0.00113370362214229
Master_fechaalta_delta1	0.000423127886563234	0.000211312187783847	0.000554617599321409
Master_msaldototal_mean6	0.000423016761535823	0.000674825771819497	0.00132129486897159
mextraccion_autoservicio_delta1	0.000422288311283442	0.00140601766413257	0.000970580798812466
mv_mconsumospesos	0.000420321696049159	0.000727505461257306	0.00130498258663861
mv_mfinanciacion_limite_lag1	0.000418290620989175	0.000293052450839097	0.000815614116649131
mvr_mconsumototal_mean6	0.000417422100638271	0.000358570739927754	0.00080745797548264
mvr_msaldototal_mean6	0.000407505588984185	0.000435499731331529	0.00144363698646896
mv_mlimitecompra_lag1	0.000402189184561145	0.000350966210766062	0.000823770257815622
ccallcenter_trx_delta1	0.000401857935587439	0.00106465147707911	0.000734052704984218
Master_status_mean6	0.000397875678522253	0.000525990537736025	0.000293621081993687
Visa_Fvencimiento_delta1	0.000395647141232324	0.000278537720666929	0.000636179010986322
mv_status01	0.000391435054444491	0.000277070582297896	0.000138654399830352
mv_mpagado_mean6	0.00038607485216665	0.000834048024586849	0.00116632818680826
ctarjeta_visa_debitos_automaticos_delta1	0.000383954013251986	0.00129693628877918	0.000489368469989479
mv_msaldopesos_lag1	0.000378415378508466	0.000430385040555815	0.000831926398982114
cprestamos_personales_lag1	0.000371484914855159	0.000174413864879361	0.000195747387995791
mpagomiscuentas_delta1	0.000367180239640889	0.000966607703609447	0.000970580798812466
mv_status05_delta1	0.000366755541284666	0.00106159590516819	0.000367026352492109
ctarjeta_visa_debitos_automaticos	0.000364707827885061	0.000509981231533017	0.000782989551983166
matm_other_mean6	0.000363009089004194	0.000377621588595738	0.000734052704984218
minversion1_pesos	0.000361223192454741	0.00541278445687139	0.000570929881654392
tpaquete7_mean6	0.000358676427662539	0.00389648168056974	0.000530149175821935
cforex_sell_mean6	0.000355284712956996	0.000626567221543784	0.000652491293319305
mplazo_fijo_dolares_mean6	0.000354405886932756	0.00188767473853719	0.000636179010986322
Master_Fvencimiento_delta1	0.000353541721132214	0.000201102478518244	0.000505680752322461
cpagomiscuentas	0.000353120522590489	0.00163785819278808	0.000782989551983166
mvr_mconsumosdolares_lag1	0.000351638314435994	0.000628294085854857	0.000815614116649131
Master_mpagospesos_lag1	0.000351210117909434	0.00089199419201625	0.00104398606931089
mv_mconsumospesos_lag1	0.000351202662270065	0.000548318375068785	0.000799301834316148
mvr_mpagosdolares_mean6	0.000334312328527391	0.000842213783355411	0.00068511585798527
catm_trx_other_mean6	0.000331003514187953	0.000681163302235822	0.00080745797548264
mtarjeta_master_consumo_mean6	0.000330210499710909	0.000415868394924238	0.000717740422651235
cseguro_accidentes_personales_mean6	0.000329952749658962	0.000669785939268259	0.000652491293319305
ctarjeta_visa_descuentos_mean6	0.000328457626927501	0.00498659437595988	0.000734052704984218
cprestamos_hipotecarios_mean6	0.000328383356912909	0.0042183439351512	0.000513836893488953
mvr_mpagado_mean6	0.000327839565976464	0.000405601273645534	0.000831926398982114
mv_mconsumosdolares_lag1	0.000324741352624046	0.000633757234935509	0.000782989551983166
Master_msaldopesos_delta1	0.000321668211967556	0.00113540797819078	0.000774833410816675
Visa_Finiciomora_delta1	0.000319499115948977	0.000777052546254446	0.0001875912468293
matm_delta1	0.000316337422948624	0.000870331795636049	0.00080745797548264
Visa_mpagosdolares_mean6	0.000315221880491659	0.000416160631907061	0.000742208846150709
cforex_mean6	0.000314783287168376	0.000572040408005513	0.000701428140318253
Master_msaldototal_lag1	0.000314777766777701	0.000491487781553085	0.000693271999151761
matm	0.000312466587322996	0.000801409683408227	0.00080745797548264
mvr_mconsumototal_lag1	0.000307669937842388	0.000383514680659976	0.000570929881654392
cpagomiscuentas_lag1	0.000304785982248395	0.00112594529809473	0.000766677269650183
Master_mpagosdolares_mean6	0.00030437642541756	0.00236540341277042	0.000725896563817727
mcuenta_debitos_automaticos_lag1	0.000302123799560397	0.000338907254863895	0.000766677269650183
mvr_mconsumototal	0.000299905842214561	0.000245733873441525	0.000554617599321409
cextraccion_autoservicio_lag1	0.000295873139407035	0.000566854016924891	0.000725896563817727
cliente_vip_delta1	0.000285233603891889	9.27240767680003e-05	0.000130498258663861
matm_lag1	0.000280963007782557	0.000385085616221313	0.000856394822481588
ctarjeta_debito_delta1	0.000277708087399663	0.00566193571697546	0.000636179010986322
mvr_msaldodolares_mean6	0.000275211736067431	0.00114314110197875	0.00136207557480405
Master_mlimitecompra_delta1	0.000274708259417574	0.00265177650134242	0.0005627737404879
mv_status06_delta1	0.000274117697243985	0.00062706648345031	0.0001875912468293
Master_Finiciomora_lag1	0.000271198552404731	0.00409995435891465	0.000538305316988426
ccallcenter_trx_lag1	0.000267039387851523	0.000689776191353478	0.000481212328822987
Master_mconsumospesos_lag1	0.000265484106986909	0.000456322949413846	0.000725896563817727
mv_mconsumosdolares	0.000265225383144843	0.000869876123373373	0.000815614116649131
Master_mconsumospesos	0.00026423473892512	0.000483577348346841	0.000660647434485796
mv_msaldototal_lag1	0.000263919664345365	0.000451547139646025	0.000758521128483692
Master_delinquency_mean6	0.000261102706237238	0.000222165646718432	0.000252840376161231
Visa_mpagado_delta1	0.000258781816464887	0.000640408434772369	0.0003751824936586
Master_cconsumos_delta1	0.000256739165300666	0.000466246633997413	0.000481212328822987
Visa_mpagosdolares	0.000255253191033945	0.000827546437660592	0.000603554446320357
Master_msaldopesos_lag1	0.000249212686495181	0.000277292775589353	0.000595398305153866
cplazo_fijo_mean6	0.000247930726672531	0.00141037051975519	0.000342557928992635
Master_mconsumospesos_delta1	0.000244504870797118	0.000751347805752595	0.000530149175821935
Visa_mfinanciacion_limite_delta1	0.000242375025535558	0.00062758992156073	0.000424119340657548
Master_status	0.000239694707335554	0.000114554205269431	0.000154966682163335
cpagomiscuentas_delta1	0.000238246488675793	0.00123906746449457	0.000595398305153866
cextraccion_autoservicio	0.000234767777855175	0.000671302517197716	0.00049752461115597
Master_mconsumototal_mean6	0.000233996951127555	0.00034007371787487	0.000611710587486848
ccajas_otras_mean6	0.000233396336771328	0.000996856690367309	0.000424119340657548
mv_mconsumototal_mean6	0.000233205132286998	0.000600928434968614	0.00049752461115597
mvr_mconsumototal_delta1	0.000230335989290786	0.000410628526287681	0.000481212328822987
catm_trx_delta1	0.000229148883959359	0.000614317806853343	0.000579086022820883
ctarjeta_debito	0.000226842239895173	0.000265863073987665	0.000505680752322461
mvr_msaldodolares2_delta1	0.000226808430142815	0.00211193222223789	0.000595398305153866
Visa_status_delta1	0.000225355965592969	0.0010132990457043	0.000358870211325618
mtarjeta_master_consumo_lag1	0.000220738425350236	0.000573406234102556	0.0005627737404879
ccheques_depositados_mean6	0.000219673953806048	0.00161319132067093	0.000399650917158074
mvr_mconsumosdolares	0.000217122101620525	0.000756705449258226	0.000701428140318253
mv_mconsumototal_delta1	0.000213084575412515	0.00041824925920059	0.000424119340657548
mv_mconsumototal	0.00021259807195674	0.000319409793538549	0.000579086022820883
Visa_mlimitecompra_delta1	0.000212254547084258	0.000960788745001259	0.000415963199491057
mcaja_ahorro_adicional	0.000211214274163915	0.00381615192040802	0.000448587764157022
ccheques_depositados_delta1	0.000204972084073416	0.00366407044854866	0.000383338634825092
thomebanking_lag1	0.000202704482937617	8.1147143637677e-05	0.000383338634825092
ctarjeta_master_debitos_automaticos_mean6	0.000201018819871904	0.000950894982999813	0.000391494775991583
mvr_mconsumosdolares_delta1	0.000200622805283513	0.0007914586647012	0.0005627737404879
ctarjeta_debito_lag1	0.000195900969584687	0.00031777626904679	0.000513836893488953
mprestamos_prendarios	0.000191103942369475	0.00406510661296138	0.000456743905323513
cextraccion_autoservicio_delta1	0.000191021615552977	0.000300270367815188	0.000481212328822987
mtarjeta_master_consumo_delta1	0.000183640111981591	0.00060284172007245	0.00049752461115597
mforex_sell_lag1	0.000179891943338047	0.0002098454635682	0.000456743905323513
Master_mfinanciacion_limite_delta1	0.000178411976336621	0.000868176903800798	0.000383338634825092
catm_trx	0.000175938334561351	0.000623955052601488	0.0003751824936586
Visa_status	0.000175923992911353	0.000718060796833536	0.000220215811495265
Master_mconsumosdolares_mean6	0.000175636608406322	0.000300280825188178	0.000489368469989479
Visa_msaldodolares_mean6	0.000171917083549347	0.000379657100717545	0.000481212328822987
matm_other_delta1	0.000168969056837651	0.000611503582827972	0.000415963199491057
mvr_msaldodolares_lag1	0.000167406875312495	0.00191955015741008	0.000856394822481588
tpaquete9	0.000166348876444698	0.00227062415159479	0.000301777223160179
mv_mpagosdolares_mean6	0.000165075294504287	0.000423217960907826	0.000334401787826144
mv_status01_delta1	0.000164639545052629	0.000286231292806558	0.00012234211749737
tcallcenter_lag1	0.000160698551523153	0.000353125968903595	0.0003751824936586
Visa_mpagado	0.000158123562777257	0.000320614513968534	0.000293621081993687
Master_cconsumos_lag1	0.000157822767944705	0.000186632994603469	0.0003751824936586
ccajas_trx_lag1	0.000151839458278799	0.000340553566341439	0.000440431622990531
ccuenta_debitos_automaticos_delta1	0.000150519467479919	0.00189073962889929	0.000293621081993687
mplazo_fijo_dolares_lag1	0.000145541803754744	0.00108087728196452	0.000244684234994739
mv_mconsumototal_lag1	0.000142143559423158	0.000122836082293524	0.000318089505493161
mttarjeta_master_debitos_automaticos_mean6	0.0001406015280969	0.000908209591297842	0.0003751824936586
Master_mconsumototal	0.000138348112971738	0.000210050314186628	0.000326245646659652
ccuenta_debitos_automaticos_lag1	0.000138051590544418	0.0012725994451413	0.000367026352492109
catm_trx_other_lag1	0.000136844375976768	0.00292374864838499	0.0003751824936586
mv_mconsumosdolares_delta1	0.000135218494060356	0.000325318002201367	0.000367026352492109
tcuentas_mean6	0.000133404324572657	0.00214016888946355	0.00030993336432667
Master_mconsumototal_delta1	0.000132214674941057	0.000228543298244001	0.000269152658494213
mvr_mpagado	0.000128074458129584	0.000592890131904518	0.000334401787826144
mv_msaldodolares_mean6	0.000125113135529626	0.000736559475499963	0.000913487810647027
ctarjeta_master_trx_delta1	0.000124428513342351	0.000434900503151516	0.00030993336432667
Visa_madelantopesos	0.000124247882203169	0.00045330056154296	0.000154966682163335
Visa_mpagosdolares_delta1	0.000121169690544278	0.000754279752877866	0.000293621081993687
Master_mconsumototal_lag1	0.000119357858108996	0.000114116445140689	0.000244684234994739
Visa_msaldodolares	0.000119029566721939	0.000723314798454382	0.000301777223160179
cseguro_vida_mean6	0.000119003021889607	0.000292343627319379	0.000293621081993687
mcheques_depositados_mean6	0.000117571226677542	0.000890486828999625	0.000293621081993687
ccheques_depositados_lag1	0.000112938910099053	0.000713219757907459	0.000106029835164387
mvr_msaldodolares2_lag1	0.000110391341083981	0.000669043155170909	0.000456743905323513
mvr_mpagado_lag1	0.000107514764780264	0.00136681416348298	0.0003751824936586
mv_status02	0.000103615669758353	0.000297056019850006	0.000130498258663861
mcheques_emitidos_mean6	0.000102536736041002	0.00108865202816776	0.000252840376161231
ccomisiones_mantenimiento_lag1	0.000102113203926353	0.000135736960259756	0.000236528093828248
mv_mfinanciacion_limite_delta1	0.000101904422443766	0.000426195102521317	0.000179435105662809
catm_trx_lag1	0.000100475767370433	0.000435328737752386	0.000350714070159126
mvr_mpagosdolares	9.99192651340473e-05	0.000707365337415616	0.000285464940827196
minversion1_pesos_lag1	9.86548816953311e-05	0.00165750826963607	0.000163122823329826
cliente_vip	9.71299990917998e-05	0.000118486643436337	0.00012234211749737
matm_other	9.49793172715855e-05	0.000491804298278148	0.000244684234994739
mtarjeta_visa_descuentos_mean6	9.42586497602116e-05	0.000244458954012655	0.000252840376161231
ctarjeta_visa_mean6	9.21558406975324e-05	1.65556262879898e-05	4.89368469989479e-05
Master_cconsumos	9.12529813383959e-05	0.000125333944901352	0.000318089505493161
mttarjeta_master_debitos_automaticos_delta1	8.96538931748135e-05	0.000297904982521628	0.000277308799660705
active_quarter_mean6	8.84312876568779e-05	0.000105153596412071	0.000179435105662809
mttarjeta_master_debitos_automaticos	8.83206751490614e-05	0.000369313205754957	0.000220215811495265
Visa_msaldodolares_lag1	8.54921890789788e-05	0.000337306552027956	0.000220215811495265
ctarjeta_master_trx_lag1	8.52155141558877e-05	0.000139896820404613	0.000220215811495265
ctarjeta_master_trx	8.28725063096936e-05	0.000220515711398761	0.0001875912468293
Visa_mpagosdolares_lag1	8.17215960211783e-05	0.000105908805110993	0.000195747387995791
tpaquete7	8.12510504301425e-05	0.000195356255598429	4.89368469989479e-05
mv_mlimitecompra_delta1	7.98408053440679e-05	0.000438590350972717	0.000154966682163335
Visa_mpagado_lag1	7.94665777370257e-05	0.000120457029938234	0.000163122823329826
cpayroll_trx_delta1	7.85764453283373e-05	0.000206237307502339	0.000334401787826144
ccajas_extracciones	7.81069782204665e-05	0.000342101412851521	0.000260996517327722
matm_other_lag1	7.78098670395029e-05	0.00031436897737302	0.0001875912468293
mv_mpagosdolares_delta1	7.73467618337716e-05	0.000575292288621279	0.000179435105662809
Visa_delinquency_delta1	7.65819200551136e-05	0.000204961197382485	8.97175528314044e-05
mttarjeta_master_debitos_automaticos_lag1	7.65640671561859e-05	0.000123417087724563	0.000154966682163335
mv_mpagado_lag1	7.51158996559102e-05	0.000226014374132242	0.000236528093828248
mv_madelantopesos_mean6	7.34513839623034e-05	0.000332487618538844	8.97175528314044e-05
Master_msaldodolares_mean6	7.22887871825929e-05	0.000108509274220141	0.000130498258663861
mv_msaldodolares_lag1	6.87734193398992e-05	0.00044065475029318	0.000350714070159126
mprestamos_prendarios_mean6	6.76912066111236e-05	0.00126694764919344	0.000146810540996844
ccajas_extracciones_delta1	6.44082068243601e-05	0.000294303401140766	0.000220215811495265
Master_mconsumosdolares_lag1	6.38688064630921e-05	3.85658079738771e-05	0.000146810540996844
mv_status06	6.25614682532691e-05	8.34689392873862e-05	7.34052704984218e-05
Visa_delinquency_lag1	6.222444031343e-05	0.000176219884256287	0.000163122823329826
mvr_msaldodolares2	6.13077381699756e-05	0.000592694444429749	0.000195747387995791
mvr_mpagado_delta1	6.06375790325045e-05	0.000688736873431929	0.000301777223160179
Master_mconsumosdolares_delta1	6.04410150233788e-05	6.3317943919321e-05	0.000114185976330878
mv_status05_mean6	5.9551018270892e-05	2.81621713853944e-05	0.000130498258663861
mforex_sell_delta1	5.95407128599386e-05	0.000172444565530102	0.000130498258663861
mcheques_depositados_delta1	5.87203573718956e-05	0.000950551805150543	0.000171278964496318
catm_trx_other	5.83494232788817e-05	0.000102744155552102	0.000114185976330878
mv_status05	5.78742203789487e-05	3.40518466841997e-05	4.89368469989479e-05
ccajas_consultas_lag1	5.76368056428072e-05	0.000581021531252277	0.000138654399830352
Master_delinquency	5.75713742416747e-05	4.02535865591704e-05	8.15614116649131e-05
Visa_msaldodolares_delta1	5.55469068611878e-05	0.000299176174570026	0.000146810540996844
minversion2_mean6	5.43713366523681e-05	0.00103705529806452	0.000130498258663861
ccajas_trx	5.395870095793e-05	0.00021272320836911	0.000342557928992635
Master_mpagado_mean6	5.39418538694226e-05	0.00015384384982326	0.000130498258663861
mforex_sell	5.34976653546007e-05	0.000122199839154659	0.000260996517327722
tcuentas_lag1	5.27969432241467e-05	0.000223471317036194	7.34052704984218e-05
ccajas_trx_delta1	5.24838481735473e-05	9.42562889877698e-05	0.000114185976330878
catm_trx_other_delta1	5.19944281316387e-05	0.00013584526137013	0.000146810540996844
ccheques_emitidos_mean6	5.16828988077626e-05	0.000463116773322925	0.000179435105662809
ccajas_extracciones_lag1	5.01030380031676e-05	0.000671690578920167	0.000154966682163335
mv_mpagado_delta1	4.9304154218816e-05	0.0002342151288619	0.00012234211749737
Master_status_lag1	4.85057993245468e-05	0.000649665073559007	8.97175528314044e-05
mforex_buy_mean6	4.81817826152053e-05	0.000534077607361293	0.0001875912468293
cplazo_fijo_lag1	4.79895731656794e-05	0.000269266948896002	7.34052704984218e-05
mv_status03_mean6	4.78210011082654e-05	2.57887101008125e-05	8.97175528314044e-05
mcheques_depositados_lag1	4.76245877797743e-05	0.000738752521215876	9.78736939978957e-05
mvr_msaldodolares_delta1	4.65559028760674e-05	0.00059994114506615	0.000195747387995791
Master_mpagado	4.64591651127936e-05	5.99528441217246e-05	0.000106029835164387
tcallcenter_delta1	4.55474551617825e-05	8.52880044959634e-05	8.97175528314044e-05
mcaja_ahorro_adicional_lag1	4.42021233879511e-05	0.000622817632096688	0.000106029835164387
Master_msaldodolares_lag1	4.41950184807685e-05	6.02454952579329e-05	7.34052704984218e-05
active_quarter	4.38836116555187e-05	2.52378860977599e-05	8.15614116649131e-05
mv_msaldodolares_delta1	4.22302452212853e-05	0.000129674997152477	8.15614116649131e-05
mvr_msaldodolares	4.15478232695741e-05	0.000422460111981069	0.0001875912468293
Visa_cadelantosefectivo	4.10018840949544e-05	0.000131673546084605	4.07807058324565e-05
mv_mpagado	4.08516723046471e-05	0.000357909906431611	0.000212059670328774
mtarjeta_master_descuentos_mean6	4.07337264638971e-05	0.000944436675102368	8.97175528314044e-05
active_quarter_lag1	4.01861420853844e-05	5.5970396933489e-05	8.15614116649131e-05
cseguro_vivienda_mean6	3.89357037654924e-05	7.63679171044242e-05	0.000106029835164387
Master_status_delta1	3.83964233445417e-05	2.61609304562587e-05	4.89368469989479e-05
mv_msaldodolares	3.83922207171494e-05	0.000266470844081258	0.000163122823329826
ccajas_depositos_lag1	3.79089850794199e-05	0.000499493987729786	0.000106029835164387
mvr_Master_mlimitecompra_delta1	3.7822759058214e-05	0.000197524141496157	0.00012234211749737
cseguro_accidentes_personales	3.76455380342534e-05	7.00806545552953e-05	8.97175528314044e-05
cforex	3.73370797482892e-05	3.32031946276169e-05	6.52491293319305e-05
cforex_sell_lag1	3.68693217005669e-05	2.27457698681594e-05	6.52491293319305e-05
cliente_edad_delta1	3.67234350771351e-05	6.67189197539582e-05	7.34052704984218e-05
ccajas_consultas	3.63646410859918e-05	0.000279144144762019	8.97175528314044e-05
mcheques_emitidos_rechazados_lag1	3.60273415356839e-05	3.1211841610566e-05	4.89368469989479e-05
mvr_mpagosdolares_delta1	3.56065649794602e-05	0.000296230042691293	0.00012234211749737
mv_status07_mean6	3.45761213999112e-05	1.20626315134661e-05	4.07807058324565e-05
cseguro_accidentes_personales_lag1	3.38672080111572e-05	3.49629323636849e-05	7.34052704984218e-05
tpaquete9_mean6	3.38014485129543e-05	0.000121918991389945	0.000106029835164387
mvr_mpagosdolares_lag1	3.33443569561818e-05	4.45488748611699e-05	7.34052704984218e-05
cprestamos_prendarios_mean6	3.13167143066877e-05	0.00044645124108019	5.70929881654392e-05
ccajas_consultas_delta1	3.02487903152631e-05	9.08047864400706e-05	9.78736939978957e-05
Master_madelantopesos_mean6	3.01344324327712e-05	4.19572065114688e-05	0.0001875912468293
minversion2	2.96997114548233e-05	0.000696029907478361	7.34052704984218e-05
Master_Finiciomora_mean6	2.84090009604498e-05	0.000155361204290315	5.70929881654392e-05
Master_mpagado_lag1	2.83885339978519e-05	4.20990022769163e-05	6.52491293319305e-05
mcaja_ahorro_adicional_mean6	2.75036159991488e-05	0.00014740091737026	5.70929881654392e-05
mv_status04_mean6	2.69621699694269e-05	2.35396501394763e-05	7.34052704984218e-05
ccajas_depositos	2.68275618244249e-05	9.06444055414374e-05	4.89368469989479e-05
Master_mpagado_delta1	2.6428488835182e-05	0.000131003808290668	0.00012234211749737
cinversion2_mean6	2.6308193663332e-05	0.00079127421113702	9.78736939978957e-05
ctarjeta_master_mean6	2.60169373022524e-05	6.81561873100437e-05	6.52491293319305e-05
Master_mconsumosdolares	2.58550061018677e-05	0.000106725877971912	0.000114185976330878
cforex_lag1	2.54922846806227e-05	0.000109003773362732	5.70929881654392e-05
thomebanking_delta1	2.54723556487762e-05	5.42852585760299e-05	6.52491293319305e-05
Master_mpagosdolares	2.42260160941605e-05	3.12281489001301e-05	9.78736939978957e-05
mv_status02_delta1	2.28817522876351e-05	4.4317725502746e-05	2.44684234994739e-05
minversion1_pesos_mean6	2.00970661198911e-05	0.000429897737328303	7.34052704984218e-05
cforex_buy_mean6	1.96376751164248e-05	4.07627363777815e-05	2.44684234994739e-05
cseguro_vida_lag1	1.95231424446829e-05	3.83410779929325e-05	5.70929881654392e-05
mcheques_emitidos_delta1	1.92956951820399e-05	1.64575237047393e-05	3.26245646659652e-05
Visa_cadelantosefectivo_mean6	1.78017955588888e-05	6.04891727562759e-06	3.26245646659652e-05
mv_status03	1.76613424287558e-05	2.70888411170402e-05	3.26245646659652e-05
ctarjeta_visa_delta1	1.72049205099326e-05	7.29069407980259e-05	2.44684234994739e-05
mcheques_emitidos_lag1	1.67500154415316e-05	1.21807687667524e-05	2.44684234994739e-05
Master_mpagosdolares_delta1	1.66933456482101e-05	1.47979075496773e-05	4.89368469989479e-05
cforex_delta1	1.62028041488305e-05	0.000107178547622541	4.89368469989479e-05
mv_mpagosdolares	1.6067320238562e-05	0.000255633174744506	7.34052704984218e-05
mvr_Visa_mlimitecompra_delta1	1.59286143271441e-05	7.44926823429041e-05	5.70929881654392e-05
mtarjeta_visa_descuentos	1.52768797442587e-05	0.000131974169673489	5.70929881654392e-05
Master_msaldodolares	1.52368632845368e-05	2.02387441166718e-05	4.07807058324565e-05
cseguro_vivienda_lag1	1.49805601292651e-05	1.97399481327045e-05	3.26245646659652e-05
mcheques_depositados	1.46082512371672e-05	0.00015233866111191	7.34052704984218e-05
mv_mpagosdolares_lag1	1.4366297677442e-05	8.35126324695832e-05	7.34052704984218e-05
ctarjeta_master_debitos_automaticos	1.40723540028831e-05	5.82974212696934e-05	3.26245646659652e-05
mtarjeta_visa_descuentos_delta1	1.39670014524593e-05	0.000223269624337332	7.34052704984218e-05
Master_mpagosdolares_lag1	1.36418094746031e-05	8.2609105089388e-06	4.07807058324565e-05
mv_status04_lag1	1.27428228275994e-05	7.21998774301976e-06	2.44684234994739e-05
mpagodeservicios_mean6	1.14435207275111e-05	0.000163457592366763	6.52491293319305e-05
mv_cadelantosefectivo_mean6	1.13931588848507e-05	5.43559234974741e-05	2.44684234994739e-05
ccajas_depositos_delta1	1.04276985268587e-05	0.000153142739910352	5.70929881654392e-05
ctarjeta_visa_descuentos_delta1	1.03876330462118e-05	0.000155756410158671	2.44684234994739e-05
ctarjeta_master_descuentos_mean6	1.03192529776043e-05	0.000244752278148115	4.89368469989479e-05
mv_status03_delta1	1.00190267535986e-05	3.70749593235098e-05	1.63122823329826e-05
cseguro_vivienda	9.98073469492027e-06	2.01822639486896e-05	1.63122823329826e-05
Visa_cadelantosefectivo_delta1	9.93317715440353e-06	1.42827525069727e-05	3.26245646659652e-05
ctarjeta_master_debitos_automaticos_delta1	9.7325982096959e-06	0.000140010401970656	4.07807058324565e-05
mvr_madelantopesos_mean6	8.7985486530897e-06	7.78122252680675e-05	1.63122823329826e-05
ccajas_otras	8.38027083832245e-06	0.000100195300308653	2.44684234994739e-05
mcaja_ahorro_adicional_delta1	7.1237668390809e-06	0.00013255745294815	1.63122823329826e-05
mcajeros_propios_descuentos_delta1	6.81856881385904e-06	5.41561462580211e-05	2.44684234994739e-05
Master_cadelantosefectivo_lag1	6.76462964229823e-06	2.69877876909162e-06	1.63122823329826e-05
Master_delinquency_lag1	6.52359164821475e-06	2.88918578819195e-06	1.63122823329826e-05
ctarjeta_master_lag1	6.519346262122e-06	2.73361424575084e-05	8.15614116649131e-06
Master_cadelantosefectivo_mean6	6.35928774622014e-06	2.16656060689402e-05	8.15614116649131e-05
mcheques_emitidos_rechazados_mean6	6.26857565871471e-06	5.42540935337519e-06	8.15614116649131e-06
ccheques_emitidos_rechazados_lag1	6.23810177471595e-06	5.42540935337519e-06	8.15614116649131e-06
Master_delinquency_delta1	6.13360542182689e-06	0.000160498311118032	1.63122823329826e-05
mcheques_emitidos	6.04681930735408e-06	0.000149345005132162	1.63122823329826e-05
ctarjeta_master_debitos_automaticos_lag1	6.04295240198233e-06	4.40871973744008e-05	3.26245646659652e-05
ctarjeta_visa_descuentos	5.8455808262007e-06	2.52487576241359e-05	8.15614116649131e-06
cseguro_auto_mean6	5.80121968293766e-06	0.000102326740708435	1.63122823329826e-05
Master_msaldodolares_delta1	5.40576656831421e-06	2.03458027668892e-06	8.15614116649131e-06
ccajeros_propios_descuentos_mean6	5.31648499929151e-06	4.42798304679495e-05	8.15614116649131e-06
Visa_madelantopesos_mean6	5.07278015820047e-06	3.26728194479859e-05	3.26245646659652e-05
cforex_sell	4.98418536859007e-06	1.24315904109995e-05	8.15614116649131e-06
cforex_sell_delta1	4.90583957447775e-06	7.8247552245668e-06	1.63122823329826e-05
Master_madelantopesos	4.89889114157972e-06	3.08135295918173e-06	1.63122823329826e-05
mcajeros_propios_descuentos_mean6	4.85087881481597e-06	8.55902846983905e-05	3.26245646659652e-05
minversion2_delta1	4.74047437440988e-06	2.81955625021208e-06	1.63122823329826e-05
mforex_buy	4.65731237685729e-06	0.00016396280772821	1.63122823329826e-05
Visa_madelantodolares	4.55946584797589e-06	4.86392090063943e-06	8.15614116649131e-06
cforex_buy	4.0222842658948e-06	0.000157014401067898	1.63122823329826e-05
cinversion2	3.99386645153695e-06	0.000164310127111338	2.44684234994739e-05
mtarjeta_master_descuentos	3.99092209319654e-06	3.77624021746879e-05	8.15614116649131e-06
mcheques_depositados_rechazados_delta1	3.29705270940721e-06	1.5261862880068e-05	1.63122823329826e-05
ccaja_ahorro_delta1	3.25340041603865e-06	4.13806532293263e-06	8.15614116649131e-06
Visa_cadelantosefectivo_lag1	3.17595661921762e-06	1.28962187406421e-06	8.15614116649131e-06
Master_madelantopesos_lag1	3.04023581063423e-06	5.22702988159911e-06	8.15614116649131e-06
mv_status01_lag1	2.78844593310821e-06	1.46636183143466e-06	8.15614116649131e-06
tpaquete9_lag1	2.62915448064993e-06	1.26929211974102e-05	8.15614116649131e-06
cpagodeservicios_mean6	2.03454588961793e-06	2.1394697985484e-05	2.44684234994739e-05
ctarjeta_visa_lag1	1.94722517512578e-06	8.03193027887283e-05	8.15614116649131e-06
mforex_buy_delta1	1.90612716755269e-06	1.31602415240602e-06	8.15614116649131e-06
Master_cadelantosefectivo_delta1	1.61346128450778e-06	1.95143898449883e-06	8.15614116649131e-06
mv_status07_lag1	1.07193593702818e-06	1.95143898449883e-06	8.15614116649131e-06
ccheques_depositados	1.02585845002518e-06	8.9067827140219e-06	8.15614116649131e-06
cseguro_vida	9.02669213888264e-07	1.47101588010707e-05	2.44684234994739e-05
ccajeros_propios_descuentos_delta1	8.45086791228294e-07	1.02835321066141e-05	8.15614116649131e-06
tpaquete7_lag1	8.14262549281398e-07	4.92331049615653e-05	1.63122823329826e-05
active_quarter_delta1	5.23400064793343e-07	3.6547483217579e-06	8.15614116649131e-06
minversion2_lag1	4.0004270557519e-07	9.96830961088219e-06	1.63122823329826e-05
ccajas_otras_delta1	3.89825299440804e-07	2.71332590676623e-06	8.15614116649131e-06
cinversion1_mean6	3.32439008688835e-07	4.81092479801491e-05	2.44684234994739e-05
mcajeros_propios_descuentos_lag1	2.72325470733649e-07	1.67759558892108e-05	8.15614116649131e-06
cliente_vip_mean6	2.19460495309559e-07	3.10946362023977e-06	8.15614116649131e-06
cinversion1_lag1	1.90793410720359e-07	1.58722732014959e-05	8.15614116649131e-06
mtarjeta_visa_descuentos_lag1	8.03718893563132e-08	2.54212007401291e-05	1.63122823329826e-05
minversion1_dolares_mean6	5.60773700412419e-08	1.5918347765661e-05	8.15614116649131e-06
Master_madelantopesos_delta1	1.12381024792487e-13	2.54295355770174e-06	1.63122823329826e-05
Master_madelantodolares_mean6	4.76528357010324e-15	2.8786662921938e-05	7.34052704984218e-05
