Feature	Gain	Cover	Frequency
ctrx_quarter_normalizado	0.12243101999327	0.00823493226851258	0.00517177088568603
ctrx_quarter	0.0584488248362259	0.00589593789863081	0.0052690455731911
mcaja_ahorro	0.0394785292232053	0.00543494516698457	0.00974368119842415
mcuentas_saldo	0.0342169464184634	0.00668503433048225	0.00846289781294078
mtarjeta_visa_consumo	0.0289593177510241	0.0085146688645588	0.00724696421912745
mpasivos_margen	0.0237022540860153	0.00584168944550993	0.00577163145863394
mpayroll	0.0148134435745548	0.0103189898446379	0.0033721891668423
cpayroll_trx	0.0132372719814505	0.00551283445898386	0.00222110536469902
mpayroll_sobre_edad	0.0121529263458432	0.00875378019173941	0.0036640132293575
foto_mes	0.0108437407429487	0.0140322764798502	0.00873850942753846
ctarjeta_visa_trx	0.0108269065234168	0.00540342146293222	0.00661467875034451
mv_Finiciomora	0.0104608046081045	0.0076384166716702	0.00139427052090595
mcaja_ahorro_lag1	0.00936247907616345	0.00374307285113621	0.00533389536486114
mprestamos_personales	0.00825142523540591	0.00681931049153423	0.00286960328139946
mv_Finiciomora_lag1	0.00811312635968791	0.00435202355622579	0.00136184562507093
Visa_Finiciomora_mean6	0.00768673014484933	0.00279720206359382	0.00139427052090595
mv_status04	0.00767559284223631	0.0001687155571493	0.000129699583340089
mrentabilidad_mean6	0.00613412306987503	0.00202848555757533	0.00413417421896532
mactivos_margen	0.00558458906111235	0.00553556817352337	0.00755500072956016
mprestamos_personales_mean6	0.00558249958617956	0.00174053125112447	0.00150775765632853
mrentabilidad_annual_delta1	0.00553300274613064	0.00404111633450677	0.00787924968791038
mv_mpagospesos	0.00549163776329881	0.00291677978828687	0.00342082651059484
mv_Finiciomora_delta1	0.00543397838625277	0.00439310777661698	0.00090789708338062
mvr_mpagospesos	0.00514667475068163	0.00214519030213011	0.00220489291678151
ctrx_quarter_normalizado_delta1	0.00501038742275411	0.00383789419059563	0.00609588041698416
mcuenta_corriente_delta1	0.00488764574333701	0.00522182725856137	0.00530147046902612
mactivos_margen_mean6	0.00481521837866461	0.00317280714596261	0.00695514015661225
mcuentas_saldo_delta1	0.00472644519603475	0.00599525799054448	0.00813864885459056
cliente_vip_lag1	0.00463436720406302	0.00312563678107582	0.000988959322968175
mprestamos_personales_delta1	0.00448726621813417	0.00589793669498087	0.00246429208346168
cliente_edad_mean6	0.00439467249463373	0.00604756879384209	0.00823592354209562
mcuenta_corriente	0.00435696651186072	0.00212877915860739	0.00509070864609848
mcuenta_corriente_mean6	0.00410247791924569	0.0045543840075667	0.00669574098993207
ctrx_quarter_delta1	0.00403944444136675	0.00357672941657795	0.00596618083364407
mactivos_margen_delta1	0.00402107389083717	0.00387562220203636	0.00680922812535465
cprestamos_personales_mean6	0.00401450879432166	0.00118503580681326	0.00132942072923591
mdescubierto_preacordado	0.00383151156467545	0.000816628990283915	0.000632285468782932
mrentabilidad_delta1	0.00377188703660736	0.00249550741735118	0.00632285468782932
chomebanking_trx_mean6	0.00373828415554732	0.00352575325962859	0.0054149576044487
cliente_edad	0.00356197082820563	0.00503263114068577	0.00799273682333296
mpayroll_sobre_edad_lag1	0.00353043289082559	0.00157251147496448	0.00202655598968888
mpasivos_margen_mean6	0.00349450010609336	0.00207131572788787	0.00406932442729528
cliente_edad_lag1	0.00347373432482814	0.00568358981188421	0.00742530114622007
mv_msaldototal	0.00346731756201505	0.00130803431199494	0.00196170619801884
mcuentas_saldo_mean6	0.0033337169952601	0.00310081119046507	0.00465297255232568
mrentabilidad_annual_mean6	0.00333117087400787	0.00500087634910056	0.00523662067735607
mcaja_ahorro_mean6	0.00321371916502211	0.00258590313842296	0.00515555843776852
chomebanking_trx_delta1	0.0031677295405386	0.00663675285160789	0.00539874515653118
mcomisiones_mean6	0.00305813013717186	0.00193894075036147	0.00408553687521279
mcuentas_saldo_lag1	0.0030470275753151	0.00749417735397037	0.00564193187529385
Visa_Finiciomora	0.00301623103508964	0.00374529890706524	0.000843047291710575
mprestamos_personales_lag1	0.00298753511024698	0.00118890606967836	0.00123214604173084
ctrx_quarter_normalizado_lag1	0.00298322608705513	0.00176664807102738	0.00304794020849208
cproductos	0.00293807872975862	0.00546026879454495	0.00405311197937777
mpasivos_margen_delta1	0.00279396340932452	0.00282502484137337	0.00518798333360354
ctransferencias_recibidas_mean6	0.00277915318429409	0.00278480775327636	0.00502585885442843
mrentabilidad_annual_lag1	0.00271894638405376	0.00244797178507373	0.00478267213566576
numero_de_cliente	0.00271850785130301	0.00248566866920511	0.00536632026069616
mcaja_ahorro_delta1	0.0026855007762394	0.00481702556590511	0.00429629869814043
mtransferencias_recibidas	0.00268230518176262	0.00293961746199548	0.0033721891668423
ctrx_quarter_normalizado_mean6	0.00265525367121084	0.00163075379356721	0.00269126635430684
mv_Finiciomora_mean6	0.00258645509115303	0.00397021265543417	0.00186443151051377
mactivos_margen_lag1	0.00255592517811313	0.00267592069794359	0.00557708208362381
Visa_msaldototal	0.00254594501308844	0.00198144252252356	0.0029344530730695
Visa_msaldopesos	0.00253114664965455	0.002152485374909	0.00299930286473955
ccomisiones_mantenimiento_mean6	0.00248783243263739	0.00466756582570506	0.00342082651059484
mcuenta_corriente_lag1	0.00243610461851635	0.00180111204661816	0.00406932442729528
mtransferencias_emitidas_mean6	0.00243033352804447	0.00356798576545444	0.00586890614613901
ccaja_ahorro	0.00242537863508814	0.00486343255619555	0.00144290786465848
cprestamos_personales	0.00240634849245557	0.00105865379332566	0.000729560156287998
mtransferencias_recibidas_lag1	0.00233433793302729	0.00603363453796454	0.00390719994812017
mcomisiones_mantenimiento_mean6	0.00232387260136475	0.00147071701379637	0.00324248958350221
Visa_mpagospesos_mean6	0.00231971368510237	0.0023646749037756	0.0035181011980999
Master_Fvencimiento_mean6	0.00231350801780181	0.00143876467964274	0.00452327296898559
chomebanking_trx_lag1	0.00230480269944376	0.00179928530672238	0.0042476613543879
Master_Fvencimiento	0.00229373078647867	0.00137156515038308	0.00403689953146026
mrentabilidad	0.00229319659861141	0.00199850079172679	0.00434493604189297
Visa_fechaalta_mean6	0.00229259015600621	0.00229658386419953	0.00457191031273812
Visa_mpagospesos_delta1	0.00228547385491218	0.00233971503257143	0.00421523645855288
mpasivos_margen_lag1	0.00228219988483952	0.00254469027863357	0.00418281156271785
mautoservicio	0.0022770569894299	0.00495181870220498	0.00277232859389439
mrentabilidad_lag1	0.00227386444486151	0.00168259325485686	0.00431251114605794
mcomisiones_mantenimiento	0.00225419200112663	0.00266545013593261	0.00244807963554417
chomebanking_trx	0.00224404025948345	0.00223284258908247	0.00413417421896532
mextraccion_autoservicio_mean6	0.00223950388761304	0.00109355324904049	0.00209140578135893
mv_status01_mean6	0.00223140221058885	0.00278549074084079	0.000713347708370487
mcomisiones_otras_mean6	0.00222970730254982	0.00293126738497437	0.00346946385434737
mv_msaldopesos	0.00222858972282775	0.00221555836986346	0.00246429208346168
cprestamos_personales_delta1	0.00222624895084529	0.00249628932730326	0.000680922812535465
Master_fultimo_cierre_mean6	0.00222284670237963	0.00213245308773163	0.00355052609393492
Visa_Fvencimiento	0.00221234925090049	0.00182343798333159	0.00402068708354274
mrentabilidad_annual	0.00219140715607761	0.00167715504192681	0.00363158833352248
mcuenta_debitos_automaticos	0.00216772755017776	0.00724520551974782	0.00262641656263679
thomebanking_mean6	0.00214916301864742	0.00169883294633906	0.00298309041682204
mv_Fvencimiento	0.00213481791459741	0.00116052531724994	0.00356673854185243
mcomisiones_otras_lag1	0.00213438732160831	0.00143735820879104	0.00369643812519252
mcaja_ahorro_dolares_delta1	0.00213411755799967	0.00517667875848367	0.00296687796890453
Visa_Finiciomora_lag1	0.00213325459384974	0.00224799282473734	0.000697135260452976
mtarjeta_visa_debitos_automaticos_mean6	0.00211688281165019	0.00235375878807768	0.0030803651043271
mtransferencias_recibidas_mean6	0.00211094415120544	0.0018436063643437	0.00387477505228514
mv_mpagominimo	0.00210085418277471	0.00311100150595625	0.00333976427100728
Visa_fultimo_cierre_mean6	0.00207117952287351	0.00207675817171434	0.00364780078143999
ctrx_quarter_lag1	0.00203682345747188	0.00163435710701554	0.0032262771355847
mcomisiones_otras	0.00203041607637897	0.00224018097818182	0.00319385223974968
ccomisiones_otras_mean6	0.00196407937926642	0.00606488313301417	0.0041017493231303
mcomisiones_delta1	0.00196164189841352	0.00158743767458052	0.00368022567727501
Master_Fvencimiento_lag1	0.00193785485464079	0.00139995859550075	0.00379371281269759
cliente_antiguedad_mean6	0.00189860258946178	0.00180267727682113	0.00379371281269759
Visa_Fvencimiento_mean6	0.00189420321761441	0.00108048723354905	0.00379371281269759
mv_status02_mean6	0.00188451916703728	0.000334277081755487	0.000372886302102755
mpayroll_sobre_edad_mean6	0.00186753302441263	0.00226074404138825	0.00226974270845155
ctarjeta_visa_debitos_automaticos_mean6	0.00186232889842387	0.00416379661583653	0.00282096593764693
cmobile_app_trx_mean6	0.00186113236760177	0.00150634710502813	0.00346946385434737
Visa_cconsumos_mean6	0.00184175736668232	0.0017839451844069	0.00316142734391466
Visa_Fvencimiento_lag1	0.00183191452349298	0.00133256212808644	0.00335597671892479
mtransferencias_emitidas_delta1	0.00181071504902631	0.00566719498753339	0.00389098750020266
Master_fechaalta_mean6	0.00180901016916788	0.00156063776637755	0.00398826218770772
cmobile_app_trx_lag1	0.00180250103614028	0.00360258754738565	0.00330733937517226
mcomisiones_lag1	0.00178927763280451	0.00142509525773376	0.00316142734391466
mcaja_ahorro_dolares_mean6	0.00176212562174918	0.00193830651884147	0.00335597671892479
cliente_antiguedad	0.00175947410357025	0.00204683243694437	0.00374507546894506
Master_fechaalta_lag1	0.00175756432273253	0.00141068180246919	0.0039558372918727
mcomisiones_otras_delta1	0.00175345641121008	0.00128578704980774	0.00350188875018239
Visa_fechaalta	0.00173515000638304	0.00152783371248097	0.00431251114605794
cliente_antiguedad_lag1	0.00171625249314136	0.00162866594692114	0.00353431364601741
cpayroll_trx_lag1	0.0017159338370274	0.000820908340538274	0.000502585885442843
mv_fechaalta	0.001715378153399	0.00137218850245516	0.00338840161475981
Visa_mpagominimo	0.00169509732022001	0.00237357177379077	0.00309657755224461
mcomisiones	0.001690887633167	0.00166139424762474	0.00306415265640959
Visa_mpagospesos_lag1	0.00167248560067037	0.00178927581168521	0.0035181011980999
tmobile_app	0.0016680660040207	0.000864203405778516	0.00166988213550364
mv_Fvencimiento_mean6	0.00166606244620104	0.00106890324063104	0.00325870203141972
Master_fechaalta	0.00166280185614347	0.00502287922665188	0.00348567630226488
mv_fechaalta_mean6	0.00165577231169453	0.00153801355146673	0.00345325140642986
mv_fultimo_cierre_mean6	0.00164900136571261	0.00141186665493716	0.00325870203141972
Visa_fultimo_cierre	0.00162609493197194	0.00136302266831062	0.00306415265640959
Master_fultimo_cierre	0.00158837469410719	0.00177134214986621	0.00316142734391466
ctransferencias_emitidas_mean6	0.00158542529119178	0.0025543067032465	0.00355052609393492
Visa_mpagospesos	0.00158187295736785	0.00322412237903909	0.00481509703150079
Visa_mconsumosdolares_mean6	0.00157718713025674	0.00115135605809402	0.00265884145847181
Visa_Finiciomora_delta1	0.00157475240395973	0.00127789401033526	0.000275611614597688
Visa_mconsumospesos_delta1	0.00150038595038223	0.00167305056872434	0.00286960328139946
ctarjeta_visa_trx_mean6	0.00149155373381367	0.00220541086701459	0.00256156677096675
Master_fultimo_cierre_lag1	0.00148823190929293	0.00129272430963252	0.00290202817723448
mtransferencias_emitidas_lag1	0.00148314823528418	0.00144678454527209	0.00288581572931697
Visa_mpagominimo_delta1	0.00147825933814665	0.00189912398565401	0.00288581572931697
mv_Fvencimiento_lag1	0.00146914361534488	0.00096447000966201	0.00299930286473955
Master_mfinanciacion_limite	0.00146195173412616	0.00225425384628484	0.00296687796890453
ctrx_quarter_mean6	0.00145942439738115	0.00119888282563612	0.00231838005220408
mv_mpagominimo_mean6	0.00145082369176033	0.0025195627833428	0.00321006468766719
Visa_mconsumospesos_mean6	0.00145013656832137	0.00186402446898004	0.00244807963554417
Visa_mconsumospesos	0.00144923073426859	0.00153281801066687	0.0030803651043271
cmobile_app_trx_delta1	0.00144484724257837	0.00473714825626806	0.00299930286473955
cproductos_mean6	0.00144385408515088	0.00240789461876537	0.0041017493231303
mvr_mpagominimo_delta1	0.00144261620768219	0.00363020522742461	0.00251292942721422
mv_fechaalta_lag1	0.00143807164925903	0.00177813868201733	0.00312900244807964
internet_mean6	0.00143383914076057	0.000986596691301337	0.00199413109385386
mtransferencias_recibidas_delta1	0.00143023606787448	0.004214902520276	0.0027885410418119
Visa_mconsumospesos_lag1	0.00141953928728449	0.0011436582442705	0.0024967169792967
tcuentas_mean6	0.00141161367416265	0.00162510051006931	0.000259399166680177
Visa_mpagominimo_lag1	0.00139283430031537	0.00183674092902238	0.00303172776057457
tmobile_app_delta1	0.0013911067290773	0.000787964465588678	0.00192928130218382
mv_fultimo_cierre_lag1	0.00138523631371592	0.00125613843875307	0.00277232859389439
mvr_mpagominimo	0.00138474301703865	0.00366196989110146	0.00329112692725475
mpayroll_mean6	0.0013788487873453	0.00356805456788902	0.0029344530730695
mtarjeta_visa_consumo_delta1	0.0013764912702417	0.00236286266981039	0.00269126635430684
mautoservicio_mean6	0.00137292608735215	0.00136879260366688	0.00330733937517226
Master_mfinanciacion_limite_lag1	0.00135951735151066	0.00346081524523935	0.00238322984387413
mvr_msaldopesos2	0.00134541578764888	0.0013617482618685	0.00282096593764693
internet	0.00134394044907719	0.000757948169488265	0.00142669541674097
mvr_mpagominimo_lag1	0.00133809917434428	0.00227035462333469	0.00324248958350221
cextraccion_autoservicio_mean6	0.00133172099941527	0.00283755302934173	0.00261020411471928
mv_fultimo_cierre	0.00133069273301541	0.00111795675736584	0.00233459250012159
internet_delta1	0.00132061648595469	0.000434178821190846	0.00110244645839075
mdescubierto_preacordado_mean6	0.00129841949679822	0.000325428564842217	0.000535010781277865
Visa_mlimitecompra	0.00129839555564492	0.000983700038290247	0.00225353026053404
ccallcenter_trx_mean6	0.00129679103607904	0.00268784114786236	0.00301551531265706
mdescubierto_preacordado_delta1	0.00128931546882337	0.00223923355959134	0.000551223229195376
ccomisiones_otras_lag1	0.00127299520091815	0.0015975139573397	0.00233459250012159
mvr_mpagospesos_delta1	0.00127294023864055	0.00274472595312907	0.00257777921888426
Visa_mfinanciacion_limite	0.0012609177948005	0.00116139637823366	0.00223731781261653
ccajas_trx_mean6	0.00125625101039192	0.00313107479253461	0.00345325140642986
mvr_msaldopesos2_lag1	0.00124798493867691	0.00135041097050585	0.0035181011980999
Visa_cconsumos	0.00122841990726894	0.00188542504820573	0.00241565473970915
Master_mlimitecompra	0.00122776613924898	0.00119381219701618	0.00222110536469902
mpagomiscuentas	0.00122620206438524	0.0033504015414495	0.00144290786465848
mvr_mpagospesos_mean6	0.00122543769101031	0.00137314720343608	0.0023508049480391
mcomisiones_mantenimiento_lag1	0.00121986883687521	0.0041012403946587	0.00209140578135893
mtarjeta_visa_consumo_lag1	0.00121669660392728	0.00244499766636396	0.00256156677096675
Master_mlimitecompra_mean6	0.00120177349582692	0.000854563711235299	0.00230216760428657
ctarjeta_debito_trx_mean6	0.00119448247482265	0.00203855025573718	0.00333976427100728
mv_cconsumos_mean6	0.00117906905816021	0.00186185230661251	0.00204276843760639
ccajas_consultas_mean6	0.00117662970250924	0.00668583981257151	0.00243186718762666
Visa_fechaalta_lag1	0.00117526385969091	0.00142885581949891	0.00330733937517226
mvr_mpagominimo_mean6	0.00117262534631246	0.00200633379276439	0.0032262771355847
mvr_msaldototal_mean6	0.00114949695929455	0.000979283889051744	0.00210761822927644
ctarjeta_debito_mean6	0.00114547016696851	0.00111535989358657	0.00231838005220408
mvr_msaldopesos2_mean6	0.00113582373216068	0.00137619375106308	0.00413417421896532
ccomisiones_otras_delta1	0.00112670333672854	0.000968530159187726	0.00194549375010133
mcaja_ahorro_dolares_lag1	0.00111016745575445	0.00193842296922856	0.00225353026053404
mtarjeta_visa_debitos_automaticos_delta1	0.00111004662068768	0.00444593787208194	0.00207519333344142
ctarjeta_visa_trx_lag1	0.00110775307254603	0.00265212956150676	0.00236701739595662
mv_mpagospesos_delta1	0.00110147489339824	0.0028307675781098	0.00202655598968888
cpagomiscuentas_mean6	0.00109127440213805	0.00222489676414042	0.00238322984387413
Visa_fultimo_cierre_lag1	0.00108911615673953	0.00108859201931362	0.00214004312511146
mv_msaldototal_mean6	0.00107910429367984	0.00274763620545007	0.00166988213550364
tmobile_app_mean6	0.00107150208771828	0.000615865702340353	0.00196170619801884
mv_mpagospesos_mean6	0.00106606544031681	0.00108951395178997	0.00192928130218382
Visa_mpagominimo_mean6	0.00105569627960255	0.00160419071482796	0.00239944229179164
tcallcenter_mean6	0.00105405142320843	0.00212815560506406	0.00192928130218382
mvr_msaldopesos_lag1	0.0010512122567459	0.00188115959946817	0.00141048296882346
ccomisiones_otras	0.00104463987292853	0.000828955505523072	0.00194549375010133
mpagomiscuentas_lag1	0.00104279579634129	0.00383504024949122	0.00194549375010133
cmobile_app_trx	0.00104241311622042	0.00169761344081473	0.00183200661467875
Visa_msaldopesos_delta1	0.0010380737906388	0.00137293082330505	0.00186443151051377
ccallcenter_trx	0.00103393812186693	0.00568184194798592	0.00158881989591608
mvr_msaldopesos2_delta1	0.00103313022938457	0.00129135702494048	0.00217246802094648
Visa_mfinanciacion_limite_mean6	0.0010292318688662	0.000651050743563318	0.00197791864593635
Visa_mfinanciacion_limite_lag1	0.00102635751962385	0.000584166516822335	0.00179958171884373
Visa_mlimitecompra_mean6	0.00102387913581127	0.000697752083361619	0.00175094437509119
Master_mfinanciacion_limite_mean6	0.00101908966863871	0.000985806118085165	0.00204276843760639
matm_mean6	0.00101904848066475	0.000928940754794848	0.00178336927092622
mvr_msaldototal	0.00101007076475264	0.00154054131060453	0.00173473192717368
mcaja_ahorro_dolares	0.00100522596414074	0.00128942128909416	0.00199413109385386
mtarjeta_visa_debitos_automaticos	0.00100108237879904	0.000855864812619101	0.00184821906259626
cproductos_lag1	0.000992372235594606	0.00197705941457136	0.00210761822927644
mvr_mpagospesos_lag1	0.000984781707811864	0.00119304882241983	0.00186443151051377
mpayroll_sobre_edad_delta1	0.000984180424570334	0.00627189001524141	0.00214004312511146
mv_mfinanciacion_limite_mean6	0.000968505309392995	0.000543860680636208	0.00184821906259626
mpagomiscuentas_mean6	0.000965589071564238	0.00148730645938236	0.00191306885426631
mtarjeta_visa_debitos_automaticos_lag1	0.000964402269620019	0.00261654198071042	0.00192928130218382
Visa_cconsumos_lag1	0.00096311788484925	0.00111258936158296	0.00197791864593635
mvr_msaldopesos	0.000954703331964979	0.00154197306609911	0.00147533276049351
mvr_mconsumospesos_delta1	0.000949310985306044	0.00249947327832817	0.00179958171884373
Visa_msaldototal_lag1	0.00094149811366421	0.00092869556427393	0.00178336927092622
mvr_mconsumosdolares_mean6	0.000937927304113805	0.000778041300985534	0.00188064395843128
mtransferencias_emitidas	0.000932873731281302	0.00262988854492855	0.00288581572931697
mvr_Master_mlimitecompra_mean6	0.000928074091538755	0.000674866358757989	0.00194549375010133
mcuenta_debitos_automaticos_mean6	0.000921402373099045	0.00133750421804381	0.00196170619801884
Master_fultimo_cierre_delta1	0.000918175422531837	0.000568268520593604	0.00154018255216355
catm_trx_mean6	0.000912022645503728	0.00120732326251642	0.00189685640634879
mv_status07_delta1	0.000911136645628066	0.00124595950638797	0.000340461406267732
mautoservicio_lag1	0.000906906063430562	0.00130495895397806	0.00222110536469902
Visa_msaldototal_mean6	0.000901909319980358	0.000653665739755802	0.00150775765632853
Visa_msaldototal_delta1	0.000890564841864512	0.00139943759082771	0.00189685640634879
mv_cconsumos	0.000889952173165488	0.00154830430038	0.00141048296882346
ctarjeta_visa_trx_delta1	0.000888085160277682	0.0020041540752247	0.00168609458342115
ctransferencias_recibidas	0.000886784540024349	0.00447992476373391	0.00179958171884373
ccomisiones_mantenimiento	0.00088266867567468	0.00182617910053155	0.00076198505212302
ccuenta_debitos_automaticos_mean6	0.000879212267362998	0.00375860850130753	0.00192928130218382
Visa_msaldopesos_mean6	0.000877980034122732	0.00124897371787807	0.00155639500008106
mv_status04_delta1	0.00087570550356295	0.000616548488433525	0.000259399166680177
Master_cconsumos_mean6	0.000870827727970277	0.00198603606720468	0.00192928130218382
Master_mpagominimo	0.000868261467658149	0.00193134004568428	0.00149154520841102
mvr_msaldototal_lag1	0.000867079005940581	0.000829228599813215	0.00147533276049351
mvr_mconsumospesos_mean6	0.000864321259838715	0.000568772198738464	0.00176715682300871
mautoservicio_delta1	0.000857289983895365	0.00430519750571882	0.00192928130218382
mv_mpagominimo_delta1	0.000850212091221548	0.00150895333722089	0.00175094437509119
mvr_Master_mlimitecompra	0.00084998105108245	0.000881402100448532	0.00165366968758613
ccomisiones_mantenimiento_delta1	0.000845769653489143	0.00130393124909128	0.000648497916700443
Visa_cconsumos_delta1	0.000836090410517665	0.00193915985035449	0.00186443151051377
mv_msaldopesos_mean6	0.000834821549534461	0.00159954156407965	0.00144290786465848
Visa_mconsumototal_delta1	0.000820314118756327	0.00105365740686428	0.0016050323438336
Visa_mconsumototal_lag1	0.000812379827731219	0.000569502532048511	0.00149154520841102
internet_lag1	0.000807322282779584	0.000653730915707747	0.0011672962500608
Master_mpagominimo_mean6	0.000805830507202086	0.000878397761050072	0.00165366968758613
mvr_Visa_mlimitecompra_lag1	0.000803088141338504	0.000503583856311224	0.00139427052090595
mv_mconsumosdolares_mean6	0.00079848384912479	0.00171305661567865	0.00166988213550364
mforex_sell_mean6	0.000796446713420781	0.0038899079245234	0.00175094437509119
mv_mpagospesos_lag1	0.000792997513407954	0.0014846925712818	0.00181579416676124
mvr_Master_mlimitecompra_lag1	0.000792727225037441	0.000783872785811093	0.00155639500008106
mvr_Visa_mlimitecompra_mean6	0.000783326345673503	0.000720426565351295	0.00165366968758613
ccaja_ahorro_mean6	0.000776638489385338	0.000761443897284851	0.000826834843793064
mdescubierto_preacordado_lag1	0.000775158896930306	7.66740173713682e-05	0.0001459120312576
cpayroll_trx_mean6	0.00077265356232049	0.0013306099723326	0.00119972114589582
ctransferencias_recibidas_lag1	0.000771292475862869	0.00105475804434643	0.00171851947925617
mvr_msaldopesos_mean6	0.000771127744518678	0.000689847962969961	0.00163745723966862
cproductos_delta1	0.000768905514122394	0.00407564790370459	0.000778197500040531
Visa_mconsumosdolares	0.000768341746659873	0.00101594964328497	0.00166988213550364
Visa_mconsumototal	0.000765829173453441	0.000724458911843415	0.00155639500008106
Master_Finiciomora	0.000764007658875872	0.000839822260762796	0.000129699583340089
mv_mpagominimo_lag1	0.000762874937873341	0.00111409082613278	0.00201034354177137
mv_mconsumospesos_mean6	0.00075982442253615	0.0012077233844347	0.00158881989591608
Master_mpagospesos_delta1	0.000750964900670638	0.00277584913232063	0.00144290786465848
ccaja_seguridad	0.000749958113627846	0.0025102798943974	0.000583648125030398
mvr_msaldototal_delta1	0.000747240974635767	0.00178678250413252	0.00166988213550364
Visa_msaldopesos_lag1	0.000746559260764988	0.00067887009633148	0.00157260744799857
mtarjeta_visa_consumo_mean6	0.000745302052036884	0.000941265154585797	0.00134563317715342
Visa_fechaalta_delta1	0.000739232715215803	0.000712865248305028	0.000583648125030398
Visa_mconsumosdolares_delta1	0.000737392168893843	0.000982420897273561	0.00154018255216355
Visa_mconsumosdolares_lag1	0.000734516982072203	0.000543582549564616	0.00154018255216355
Visa_mlimitecompra_lag1	0.000730538963991388	0.000605869202199318	0.00141048296882346
mv_cconsumos_delta1	0.000723843463348123	0.0067714957208289	0.00175094437509119
Master_msaldopesos	0.000715858266279487	0.00347172571974204	0.00137805807298844
mv_mlimitecompra_mean6	0.000715214211080315	0.000501487749343575	0.00132942072923591
Master_mlimitecompra_lag1	0.000714533330469769	0.000458104439692354	0.00142669541674097
mpayroll_delta1	0.000714510719580626	0.00320326960016374	0.00186443151051377
Master_mpagospesos_mean6	0.000709145740883289	0.00149606350834453	0.00166988213550364
ccaja_seguridad_lag1	0.000702947494128366	0.00122295471227089	0.000372886302102755
Visa_status_mean6	0.000697378383092718	0.00030884435750893	0.00030803651043271
mv_status07	0.000696585544545436	0.000418343885465852	0.000113487135422577
mvr_msaldopesos_delta1	0.000689119760441135	0.00115372394978864	0.00150775765632853
mv_msaldopesos_lag1	0.000687013807475291	0.000424287791253344	0.00108623401047324
mplazo_fijo_dolares_delta1	0.000680866663161112	0.00503409523231725	0.000745772604205509
ctarjeta_debito_trx	0.000674239320596909	0.00160195035443963	0.00157260744799857
tcallcenter	0.000673201503622562	0.000936055107855366	0.000729560156287998
Master_msaldototal	0.000668131219107278	0.00121876088656553	0.00115108380214329
Visa_fultimo_cierre_delta1	0.000666207017721356	0.000326405498971987	0.00113487135422577
mv_mfinanciacion_limite_lag1	0.000664934433334934	0.000356762885912099	0.00118350869797831
mvr_mconsumospesos_lag1	0.000661935368971109	0.000896909141701222	0.00126457093756586
Visa_mpagado_mean6	0.000656168246598771	0.00130787122101164	0.00126457093756586
Visa_delinquency	0.000654175273471923	0.000555695505270353	0.000291824062515199
ctarjeta_debito_trx_lag1	0.000654133487344138	0.00185303602510052	0.00165366968758613
ctarjeta_visa_debitos_automaticos_lag1	0.000644794154811058	0.00266127927795066	0.00113487135422577
Master_msaldototal_mean6	0.00064319752617067	0.000511357221856477	0.00144290786465848
mvr_Visa_mlimitecompra	0.000636580015364623	0.00044741105047009	0.00126457093756586
Visa_mconsumototal_mean6	0.000633127215617715	0.000458732022660849	0.00118350869797831
Master_mpagominimo_lag1	0.000632943721620122	0.00101822123171829	0.00110244645839075
mpayroll_lag1	0.000632577190274406	0.00200540863674792	0.00194549375010133
mv_msaldopesos_delta1	0.000632131186469406	0.00147429846761321	0.00132942072923591
mv_mconsumospesos	0.000631283369730107	0.000680576759357524	0.00144290786465848
ccajas_depositos_mean6	0.00062790274387394	0.00485453417514594	0.0011672962500608
mextraccion_autoservicio	0.000624517445747322	0.00132103323755749	0.00118350869797831
mv_fultimo_cierre_delta1	0.000622041123386474	0.000258387996405069	0.00090789708338062
ctransferencias_recibidas_delta1	0.000615975973913833	0.00188636047925637	0.00136184562507093
mextraccion_autoservicio_delta1	0.000597567359909724	0.00237898913444563	0.00123214604173084
Master_mpagominimo_delta1	0.000596785245906245	0.00157160797710823	0.00115108380214329
mplazo_fijo_dolares	0.000594361051238454	0.00340585459122163	0.000616073020865421
ccajas_extracciones_mean6	0.000588505968847369	0.00140352564412265	0.00119972114589582
mv_msaldototal_delta1	0.000588019804757284	0.00133267092256573	0.00129699583340089
ctransferencias_emitidas_lag1	0.000586097052666929	0.00549344758498131	0.00147533276049351
mcuenta_debitos_automaticos_delta1	0.000584639158746147	0.00212487514930658	0.00111865890630826
ctransferencias_emitidas_delta1	0.000583126907170928	0.00101563232605371	0.00108623401047324
mvr_mconsumototal_mean6	0.00058225929570811	0.00056717443092734	0.00124835848964835
mcomisiones_mantenimiento_delta1	0.000571936646655122	0.00225430008393854	0.000843047291710575
mv_mlimitecompra_lag1	0.000564517720330432	0.000465926863488916	0.000988959322968175
mv_mfinanciacion_limite	0.000564086837536964	0.000549395398298815	0.00119972114589582
mcuenta_debitos_automaticos_lag1	0.000548403555115909	0.000911814992720207	0.000988959322968175
mvr_mconsumospesos	0.0005475228667877	0.00058042469188417	0.00103759666672071
mv_mconsumototal_mean6	0.000542932346947792	0.00164015051377335	0.00105380911463822
cplazo_fijo	0.000535559169801683	0.00178153306977117	0.000372886302102755
ctarjeta_debito_trx_delta1	0.000533816617543678	0.00117490784667641	0.00113487135422577
mv_mconsumototal	0.000531811026976337	0.000761032694447387	0.000778197500040531
Master_mpagospesos	0.000531599045499508	0.00203255618360646	0.00163745723966862
cliente_vip_delta1	0.000530305515903592	4.6448694840839e-05	8.10622395875553e-05
mextraccion_autoservicio_lag1	0.000528005957617747	0.000660226046856974	0.00141048296882346
mv_mconsumospesos_delta1	0.000525245554809727	0.0008959264656406	0.00108623401047324
mvr_msaldodolares2_mean6	0.000523920351931503	0.000963345296364538	0.0013132082813184
ctarjeta_master_trx_mean6	0.00052314252068671	0.00181180684613923	0.00100517177088569
Master_mconsumospesos_mean6	0.00051884449245661	0.000736980551995891	0.0013132082813184
ccaja_ahorro_lag1	0.000513045697972534	0.000736265933443963	0.000729560156287998
matm_other_mean6	0.000512189395647883	0.000641205548336999	0.00107002156255573
mv_fechaalta_delta1	0.000509982734877966	0.000768728493558332	0.000421523645855288
mv_mlimitecompra	0.000503188698257641	0.000275603312453866	0.000875472187545597
ctarjeta_visa_debitos_automaticos_delta1	0.000501088552488077	0.00126468636054949	0.000616073020865421
ctransferencias_emitidas	0.000496885415766254	0.000990926711577069	0.001459120312576
mv_mconsumospesos_lag1	0.000494474749342052	0.00048667397068947	0.000891684635463109
mtarjeta_master_consumo	0.000493241375328484	0.00187311817641423	0.000729560156287998
Master_msaldopesos_mean6	0.000478061304111674	0.000538210620678427	0.00111865890630826
Visa_mpagosdolares_mean6	0.000477109195588655	0.000636724223146551	0.000826834843793064
mvr_mpagado_mean6	0.000475746869633856	0.000658889889474289	0.000956534427133153
mprestamos_hipotecarios_mean6	0.000469998756147312	0.0055110742046032	0.000551223229195376
mvr_mconsumosdolares_lag1	0.000458539571240901	0.000535051954296381	0.00090789708338062
Master_mconsumototal_mean6	0.000455071123406489	0.00104062564148669	0.00108623401047324
Master_mpagospesos_lag1	0.000451201448238012	0.00137312161658632	0.00129699583340089
mv_cconsumos_lag1	0.000448562914073595	0.000878857719931958	0.000972746875050664
Master_fechaalta_delta1	0.000448419329145436	0.000199313903713913	0.000551223229195376
ccuenta_debitos_automaticos	0.000444964709252035	0.00134276433038184	0.000875472187545597
Master_msaldototal_delta1	0.000438973953568922	0.00323994875223562	0.000891684635463109
thomebanking	0.000430133510226571	0.00111049778771861	0.000713347708370487
catm_trx_other_mean6	0.000427710494586129	0.000352907733391341	0.000843047291710575
mvr_mpagosdolares_mean6	0.000427523727518759	0.00110846071182954	0.00090789708338062
tmobile_app_lag1	0.000424651879765727	0.000253547548697336	0.000794409947958042
matm_lag1	0.000424472084356224	0.000540512732007323	0.000891684635463109
mplazo_fijo_dolares_mean6	0.000424347893399275	0.00218003254000768	0.000664710364617954
cseguro_accidentes_personales_mean6	0.000423403623907409	0.000627109007361175	0.000729560156287998
Master_Fvencimiento_delta1	0.000410262708780909	0.000200925371570578	0.000599860572947909
Master_mconsumospesos_lag1	0.000405791417668197	0.000945139749082947	0.000810622395875553
mvr_mconsumosdolares	0.000401889982354603	0.00102068915389247	0.000924109531298131
Visa_msaldodolares_mean6	0.000394397749341639	0.000484095138587788	0.000859259739628086
Master_msaldototal_lag1	0.000392436237853113	0.000689134855452468	0.000843047291710575
mtarjeta_master_consumo_lag1	0.000387216292753861	0.000967704529972672	0.000778197500040531
cforex_mean6	0.000383845682266622	0.00109076780816379	0.00076198505212302
cpagomiscuentas	0.000383641771329507	0.00119864881677002	0.000794409947958042
Master_msaldopesos_delta1	0.000381364758849112	0.00158132090645371	0.000826834843793064
mvr_mconsumototal_lag1	0.000380817564536725	0.000421789950597355	0.000697135260452976
mv_mpagado_mean6	0.000380129188383027	0.000887546167930792	0.000729560156287998
mv_Fvencimiento_delta1	0.000379702965963191	0.0004120148673688	0.000583648125030398
Master_mlimitecompra_delta1	0.00036752847438254	0.00291017384794578	0.000664710364617954
Master_cconsumos_delta1	0.000367119244071049	0.000482620872657783	0.000599860572947909
ctarjeta_visa_debitos_automaticos	0.000363002832917029	0.00029730881842846	0.000632285468782932
ctarjeta_visa_descuentos_mean6	0.00036285384532108	0.00455665640188505	0.000778197500040531
matm	0.000362220537697283	0.000495454491053185	0.000680922812535465
mvr_mconsumototal	0.000360485801069375	0.000344586164553223	0.000713347708370487
minversion1_pesos	0.000354745828732165	0.00498970255166373	0.000502585885442843
mv_msaldototal_lag1	0.000353687781205096	0.00034783579520823	0.000713347708370487
cextraccion_autoservicio_lag1	0.000352074369243229	0.000510918215985417	0.000648497916700443
Visa_delinquency_mean6	0.000343570949588162	0.00339077285579446	0.0010213842188032
Master_mconsumospesos_delta1	0.000343478346824334	0.000491651721059492	0.00076198505212302
Visa_mpagosdolares	0.000340276538154037	0.00124514344705767	0.000745772604205509
mvr_msaldodolares2_delta1	0.00033905175764318	0.00311710155196865	0.000778197500040531
cextraccion_autoservicio	0.00033546775518008	0.00115516174942095	0.000680922812535465
ccaja_seguridad_mean6	0.000335172766119637	0.000151340474392954	0.000129699583340089
mv_status05_delta1	0.000334791875465522	0.000846033115967064	0.000356673854185243
Master_status_mean6	0.000332208715320728	0.000244968499591566	0.0001459120312576
mpagomiscuentas_delta1	0.000331875643122926	0.00101690290454193	0.000778197500040531
cpagomiscuentas_lag1	0.00033096579374107	0.00123787738613992	0.000794409947958042
cforex_sell_mean6	0.00032990063032284	0.000854872465938098	0.000648497916700443
mvr_mconsumototal_delta1	0.000326833733902372	0.00061056177000372	0.000680922812535465
tpaquete7_mean6	0.000325362649166522	0.00345086941511968	0.000502585885442843
ctarjeta_master_debitos_automaticos_mean6	0.000323651772786419	0.0022598388310263	0.000648497916700443
ccallcenter_trx_delta1	0.000320341518044038	0.00169547301017033	0.000567435677112887
cprestamos_personales_lag1	0.000320278001008538	0.000269855438200353	0.000226974270845155
mv_mpagosdolares_mean6	0.000314652972922392	0.000637488101421045	0.000697135260452976
mv_mconsumosdolares	0.00030342526562077	0.00123483607676562	0.000745772604205509
Visa_mfinanciacion_limite_delta1	0.000301799504065286	0.00145107255879054	0.000551223229195376
matm_delta1	0.000299268948797657	0.000832417587619581	0.00076198505212302
Visa_mlimitecompra_delta1	0.000297130633418817	0.0010979130870624	0.000389098750020266
Visa_Fvencimiento_delta1	0.000294134171687181	0.00019777184270561	0.000486373437525332
Master_mconsumospesos	0.000293330452519795	0.000825312602972558	0.000729560156287998
ctarjeta_debito_lag1	0.000283631024325857	0.000268130340554208	0.000551223229195376
ctarjeta_debito	0.000280352047600991	0.000405675473501964	0.000697135260452976
mv_status01	0.000278399918684858	0.000730263802462925	0.000243186718762666
Master_msaldopesos_lag1	0.000273205393985961	0.000261463455157584	0.000502585885442843
cprestamos_hipotecarios_mean6	0.00027295222587532	0.00362342310046845	0.000405311197937777
mv_mconsumototal_delta1	0.000265724693687968	0.000470653681407168	0.000567435677112887
Master_Finiciomora_lag1	0.000264736879394804	0.00400953581555968	0.000502585885442843
mv_status06_delta1	0.000262050431723947	0.000677758579401403	0.000275611614597688
mtarjeta_master_consumo_mean6	0.000253740067441399	0.000364004669543266	0.000632285468782932
ctarjeta_debito_delta1	0.000253098734707451	0.00564207917757558	0.000583648125030398
mv_mconsumosdolares_lag1	0.000252749052652534	0.000285969411617599	0.000535010781277865
Master_mpagosdolares_mean6	0.000247477697830394	0.00201225775289735	0.000680922812535465
cplazo_fijo_mean6	0.000245235510675168	0.000803817936669402	0.000389098750020266
catm_trx	0.000244217050664935	0.00120789050484316	0.00045394854169031
Visa_msaldodolares	0.000243876989054736	0.000901245810528466	0.000356673854185243
thomebanking_lag1	0.000239493473531069	0.000131633865504051	0.000389098750020266
ccallcenter_trx_lag1	0.000238410790842484	0.000654117136109225	0.000389098750020266
ccheques_depositados_mean6	0.000235082207903817	0.00127598899885578	0.000372886302102755
mvr_mconsumosdolares_delta1	0.000229370302549755	0.000668382308527949	0.000470160989607821
mtarjeta_master_consumo_delta1	0.000226743824725637	0.000853697787768656	0.00045394854169031
mv_msaldodolares_mean6	0.000224750077214633	0.00059291167898028	0.000972746875050664
Master_mconsumototal_lag1	0.000218586408816674	0.000424575592945317	0.000405311197937777
tcallcenter_lag1	0.000215498316881877	0.000488429289024307	0.000470160989607821
mforex_buy_mean6	0.00021540188439772	0.00294418199481546	0.000518798333360354
cpagomiscuentas_delta1	0.000215298065358017	0.000881419829919231	0.00045394854169031
mv_mconsumosdolares_delta1	0.000214246081795345	0.000362716563055601	0.000421523645855288
mcheques_depositados_mean6	0.000213883483924863	0.00130772112492447	0.000421523645855288
Visa_status_delta1	0.000211528467686421	0.00109781094113462	0.000291824062515199
cextraccion_autoservicio_delta1	0.000209329045699189	0.000416859848179837	0.000437736093772799
mcaja_ahorro_adicional	0.000207728432389703	0.0038261035889026	0.000470160989607821
mforex_sell_lag1	0.00020743634947863	0.000224959885287004	0.000356673854185243
mttarjeta_master_debitos_automaticos_mean6	0.000203521418318875	0.00101782624731709	0.000470160989607821
ccajas_otras_mean6	0.000203472887575281	0.000395207329146082	0.000324248958350221
catm_trx_delta1	0.000202223856630824	0.000422797206151446	0.000324248958350221
mprestamos_prendarios	0.000201827716789361	0.00391209041370117	0.000437736093772799
matm_other_delta1	0.000198935413508343	0.000743330019425624	0.000421523645855288
Master_mconsumosdolares_mean6	0.000198389277570332	0.000164594261096798	0.000599860572947909
mvr_mpagado	0.000195430002339507	0.000419682762710519	0.000389098750020266
Master_cconsumos_lag1	0.000189103894996997	0.000312193414229732	0.000405311197937777
Master_cconsumos	0.000184944603937603	0.000143266513730849	0.000421523645855288
mvr_msaldodolares_mean6	0.000176274000329072	0.00129902975559239	0.00115108380214329
catm_trx_other_lag1	0.000175639756478208	0.00260867110307633	0.000421523645855288
mplazo_fijo_dolares_lag1	0.000172647958596134	0.00143820700720075	0.000372886302102755
Master_delinquency_mean6	0.000172513662340976	0.000127535537174954	0.0001459120312576
mv_status01_delta1	0.000170595028342831	0.00035019441922498	0.000129699583340089
Visa_madelantopesos	0.000167157028035352	0.00049823590250473	0.000162124479175111
mcheques_emitidos_mean6	0.000166352595482632	0.00144370022178423	0.00030803651043271
catm_trx_lag1	0.000163968818744461	0.00149706572711717	0.000502585885442843
tpaquete9	0.000163421230886089	0.00216617282849557	0.000291824062515199
Visa_mpagosdolares_delta1	0.000158904001700877	0.000606959766118569	0.000226974270845155
mvr_msaldodolares_lag1	0.000156397717365304	0.00167623310945046	0.000794409947958042
Visa_msaldodolares_lag1	0.000155796110319103	0.00101589464163155	0.000372886302102755
ctarjeta_master_trx_delta1	0.000155551197283907	0.000594399544220196	0.000259399166680177
mv_mconsumototal_lag1	0.000155167503130652	0.000189868729670241	0.000389098750020266
mv_status06_mean6	0.000154684226265774	5.22483472076433e-05	0.0001459120312576
ccuenta_debitos_automaticos_delta1	0.000150130375962875	0.00235818712632729	0.000291824062515199
matm_other	0.000149982573868405	0.000715203523724726	0.00030803651043271
ccomisiones_mantenimiento_lag1	0.000143385339906954	0.000113840427680583	0.000259399166680177
matm_other_lag1	0.000143194556322962	0.000365161416770751	0.000324248958350221
ccajas_trx_lag1	0.000142737518270091	0.0004576452866955	0.000421523645855288
mvr_mpagado_lag1	0.000141331311625623	0.00091227525380898	0.00030803651043271
ctarjeta_master_trx	0.000139993147124118	0.000151132757526013	0.000226974270845155
Master_mfinanciacion_limite_delta1	0.000139126401907313	0.00108576749301287	0.000340461406267732
mttarjeta_master_debitos_automaticos_delta1	0.00013527585398908	0.000534531352565854	0.000275611614597688
mv_mfinanciacion_limite_delta1	0.000134962228328838	0.000596412443558314	0.000243186718762666
ccheques_depositados_delta1	0.000131505392397091	0.002109538854945	0.000243186718762666
mv_status02_delta1	0.000123888521445006	0.000188125298139623	8.10622395875553e-05
ccuenta_debitos_automaticos_lag1	0.000123534014640185	0.00106626809731277	0.000356673854185243
mv_mpagado	0.000120350230691719	0.000490684256078845	0.000324248958350221
minversion1_pesos_lag1	0.000119669236280794	0.00159491215751461	0.000194549375010133
mvr_msaldodolares2_lag1	0.000119069887780967	0.000556164933301362	0.000421523645855288
ctarjeta_master_trx_lag1	0.000117026230477693	6.68286206737909e-05	0.000178336927092622
Visa_mpagosdolares_lag1	0.000115893123192011	0.000256542418946673	0.000243186718762666
cseguro_vida_mean6	0.000114110655032961	0.00032230626402223	0.000291824062515199
ccajas_extracciones	0.000112240781578646	0.00034148401085903	0.000243186718762666
Master_mconsumototal	0.000110711947975214	0.000148479078852004	0.000226974270845155
Master_mconsumototal_delta1	0.000108516519434757	0.000439976962523215	0.000243186718762666
cliente_vip	0.000105107347486414	0.000435596675168627	0.000194549375010133
mvr_mpagosdolares_lag1	0.000103838310664761	0.000383759833005334	0.000194549375010133
mttarjeta_master_debitos_automaticos_lag1	0.000103331828569511	0.000367679203081277	0.000275611614597688
ccajas_trx	0.000102717536290712	0.000282917726473522	0.000389098750020266
ccheques_depositados_lag1	0.000101944167201437	0.000627821006786749	9.72746875050664e-05
mttarjeta_master_debitos_automaticos	0.000100760118977361	0.00114399087331736	0.000340461406267732
Visa_msaldodolares_delta1	9.96481332941081e-05	0.000604225196734495	0.000275611614597688
Visa_status	9.54068580112201e-05	0.000481233944518096	0.000162124479175111
Master_mconsumosdolares	9.41830645264413e-05	0.000135068748980737	0.000226974270845155
ccheques_emitidos_mean6	9.30601536023099e-05	0.000771003104060519	0.000162124479175111
mv_status03_mean6	9.2981240403925e-05	7.14573220894248e-05	0.0001459120312576
mvr_Master_mlimitecompra_delta1	9.18272027717707e-05	0.000281162710345572	0.000162124479175111
mvr_mpagado_delta1	9.10952425818085e-05	0.000361221847792915	0.000275611614597688
mv_madelantopesos_mean6	9.08381202493482e-05	0.000352403350097078	9.72746875050664e-05
Visa_mpagado	9.06988233765835e-05	0.000327112058673597	0.000194549375010133
catm_trx_other_delta1	8.76373873335763e-05	0.000102429397837523	0.000113487135422577
cplazo_fijo_lag1	8.67364311735361e-05	0.000590044138565963	0.0001459120312576
mtarjeta_visa_descuentos_mean6	8.33166867016147e-05	0.00021412355220723	0.000129699583340089
mv_mlimitecompra_delta1	8.31807867476969e-05	0.000383922218839237	0.000162124479175111
Visa_delinquency_lag1	7.87416108373122e-05	0.000223557141653569	0.000113487135422577
mcheques_depositados_lag1	7.7614870393207e-05	0.00116017022415781	0.0001459120312576
mv_status02	7.73185848938506e-05	0.000169516002457112	9.72746875050664e-05
ccajas_consultas	7.6836248266748e-05	0.000829878546091342	0.000162124479175111
Master_mpagado_mean6	7.67411052780855e-05	0.000310215268683609	0.000178336927092622
mv_status05_mean6	7.6441045318673e-05	3.16026807854632e-05	0.0001459120312576
ctarjeta_master	7.49113146357476e-05	4.66367682601297e-05	8.10622395875553e-05
Master_mconsumosdolares_lag1	7.47571491739314e-05	6.5303483251155e-05	0.000194549375010133
mforex_sell	7.44675032310689e-05	0.000131816499199377	0.00030803651043271
mv_status06	7.27736530988995e-05	4.88893176595723e-05	6.48497916700443e-05
cpayroll_trx_delta1	6.99062417984741e-05	0.00035036395728854	0.000340461406267732
mv_status03_delta1	6.9898408507735e-05	0.000254889045068356	9.72746875050664e-05
ccajas_extracciones_lag1	6.82874352486326e-05	0.000707167842601631	0.000226974270845155
Master_mconsumosdolares_delta1	6.70475052326653e-05	0.000132691589608256	0.000243186718762666
cseguro_vivienda_mean6	6.62673648060025e-05	0.000106657372921107	0.0001459120312576
Master_msaldodolares_mean6	6.60518839502257e-05	2.6931871876919e-05	9.72746875050664e-05
active_quarter_mean6	6.60291184828683e-05	4.81163731784703e-05	0.000129699583340089
Master_Finiciomora_mean6	6.49590957792825e-05	0.000382070194300587	0.0001459120312576
mv_mpagado_delta1	6.48523335159111e-05	0.000348269562826584	0.0001459120312576
mcaja_ahorro_adicional_mean6	6.41414066175667e-05	0.00108710747834946	0.000178336927092622
mcheques_depositados_delta1	6.36774123287071e-05	0.00164295086352314	0.000194549375010133
mvr_msaldodolares2	6.29526237095601e-05	0.000699134176191115	0.000210761822927644
Visa_mpagado_delta1	6.2462144762708e-05	0.000500062944607395	0.000243186718762666
cforex_lag1	6.11740939657679e-05	0.000758814193690537	0.0001459120312576
cforex_sell_lag1	6.04962650403342e-05	7.5009864780751e-05	0.0001459120312576
mprestamos_prendarios_mean6	6.04492577524282e-05	0.00100141812586324	0.000113487135422577
mvr_msaldodolares_delta1	5.59115374685231e-05	0.000893168727061863	0.000210761822927644
active_quarter_lag1	5.55300379213783e-05	0.000128495044040912	0.000113487135422577
Master_msaldodolares	5.38517047302665e-05	1.49403026040935e-05	6.48497916700443e-05
Master_mpagado	5.2649490235353e-05	0.000162018350328356	8.10622395875553e-05
ccajas_consultas_lag1	5.20377577725391e-05	0.00110589517683088	0.000162124479175111
mcaja_ahorro_adicional_lag1	5.19899428985856e-05	0.000565153271267646	8.10622395875553e-05
thomebanking_delta1	5.14080525865975e-05	7.83992157531425e-05	8.10622395875553e-05
Master_mpagosdolares	5.07902602682149e-05	3.35212915748637e-05	8.10622395875553e-05
cforex_buy_mean6	5.07626535793888e-05	7.39975724452115e-05	6.48497916700443e-05
mv_mpagado_lag1	5.04851852618388e-05	0.000255216335126886	0.000226974270845155
mforex_sell_delta1	5.02032026197115e-05	0.000207482253660364	0.000129699583340089
mv_status07_mean6	5.0039275636859e-05	3.31597514024833e-05	9.72746875050664e-05
mv_mpagosdolares_delta1	5.00255695529798e-05	0.00065203835566976	0.000129699583340089
mvr_mpagosdolares	4.95326831102589e-05	0.000500894819431446	0.000226974270845155
mcheques_depositados	4.8487791254608e-05	0.000277756637258771	8.10622395875553e-05
minversion2_mean6	4.78815433125463e-05	0.000914184697656144	0.000113487135422577
catm_trx_other	4.69635527865663e-05	0.000134313433234705	0.000113487135422577
cliente_edad_delta1	4.54087610745368e-05	0.000103907995399574	8.10622395875553e-05
mtarjeta_visa_descuentos_delta1	4.13862844695534e-05	0.000299602266493266	6.48497916700443e-05
mvr_Visa_mlimitecompra_delta1	4.10033982147667e-05	0.000128841574604576	0.000113487135422577
Master_status_delta1	3.96183119565822e-05	0.000131392805143921	6.48497916700443e-05
ccajas_depositos_lag1	3.92869776241478e-05	0.000579146256016887	9.72746875050664e-05
cinversion2_mean6	3.81242324924607e-05	0.00126370328154635	0.000129699583340089
ccajas_consultas_delta1	3.80864583374416e-05	0.000127203008863718	6.48497916700443e-05
mv_msaldodolares_lag1	3.76546542330233e-05	0.000415456701603886	0.000291824062515199
tcallcenter_delta1	3.75411755156586e-05	0.000102062518676807	9.72746875050664e-05
mv_msaldodolares	3.632942500302e-05	0.000124793614089966	8.10622395875553e-05
ccajas_trx_delta1	3.537935637245e-05	6.10928346957549e-05	6.48497916700443e-05
ccajas_extracciones_delta1	3.39358611762649e-05	0.000244810042447193	0.000162124479175111
mcheques_emitidos_lag1	3.30879498126054e-05	0.000162533512334918	8.10622395875553e-05
cforex	3.30605225126433e-05	1.75803819681914e-05	4.86373437525332e-05
mv_msaldodolares_delta1	3.29688109518786e-05	0.000249251375592939	0.000113487135422577
mcaja_ahorro_adicional_delta1	3.23394314193913e-05	0.000824324084245456	0.000113487135422577
cseguro_accidentes_personales	3.2162836514157e-05	5.91096523681834e-05	8.10622395875553e-05
Master_mpagado_delta1	3.1797505137153e-05	0.000258559549181208	6.48497916700443e-05
tpaquete9_lag1	3.15211289618995e-05	4.78987842198908e-05	3.24248958350221e-05
Master_status_lag1	3.07348985078818e-05	0.000275997188763146	4.86373437525332e-05
Master_mpagosdolares_lag1	3.04219020783893e-05	2.55795967935991e-05	8.10622395875553e-05
Master_madelantopesos_lag1	2.99648046827494e-05	2.36209939594967e-05	4.86373437525332e-05
cseguro_accidentes_personales_lag1	2.97576144684091e-05	0.000112660108315919	0.000113487135422577
mv_mpagosdolares	2.88425830508977e-05	0.000250994706387928	0.000113487135422577
mv_status02_lag1	2.8485787099799e-05	1.44226222068065e-05	4.86373437525332e-05
cprestamos_prendarios_mean6	2.79741182410132e-05	0.000350539237282951	4.86373437525332e-05
active_quarter	2.76704687771128e-05	3.49892111602435e-05	4.86373437525332e-05
ccajas_otras	2.74589762805613e-05	0.000640763117454554	9.72746875050664e-05
Master_status	2.71768330460914e-05	6.59446655295618e-05	4.86373437525332e-05
ccajas_otras_delta1	2.6235891546536e-05	2.61981135554871e-05	4.86373437525332e-05
mtarjeta_master_descuentos_mean6	2.62254078192911e-05	0.000703489178902832	9.72746875050664e-05
mcajeros_propios_descuentos_mean6	2.60124037480396e-05	0.000461319316555366	8.10622395875553e-05
mvr_msaldodolares	2.59106839720533e-05	0.000420392646687884	0.000178336927092622
ctarjeta_master_debitos_automaticos_delta1	2.574635953647e-05	0.000325399754452331	9.72746875050664e-05
mv_status05_lag1	2.50035723951928e-05	1.4758877736315e-05	3.24248958350221e-05
ctarjeta_master_mean6	2.45304509189419e-05	6.51054370045961e-06	4.86373437525332e-05
cforex_sell	2.37819569299185e-05	5.1497766036173e-05	6.48497916700443e-05
mv_status04_mean6	2.35688684026191e-05	1.88947804550179e-05	6.48497916700443e-05
minversion2	2.34274620973244e-05	0.00064471840119051	6.48497916700443e-05
Master_delinquency	2.34022251233812e-05	2.03052807318837e-05	4.86373437525332e-05
Master_mpagosdolares_delta1	2.27032319235813e-05	1.74049005025222e-05	6.48497916700443e-05
cseguro_vivienda_lag1	2.16598688126323e-05	1.78037128576223e-05	3.24248958350221e-05
Master_msaldodolares_lag1	2.15400692826985e-05	2.91776719892206e-05	4.86373437525332e-05
cseguro_vida	2.13461908318929e-05	4.29394684699708e-05	3.24248958350221e-05
tpaquete9_mean6	2.09240988395048e-05	9.20843524202451e-05	6.48497916700443e-05
ccajas_depositos	2.08057844330182e-05	9.51639413335477e-06	4.86373437525332e-05
mv_mpagosdolares_lag1	2.03657663283024e-05	4.1748370393006e-05	8.10622395875553e-05
ccajeros_propios_descuentos_mean6	2.01523686491643e-05	2.05841169528782e-05	3.24248958350221e-05
Master_madelantodolares_mean6	2.00808444638672e-05	1.74976780168054e-05	6.48497916700443e-05
Visa_delinquency_delta1	1.9796740506826e-05	2.65840317500788e-05	3.24248958350221e-05
ctarjeta_visa_mean6	1.91375701505834e-05	1.10361925676552e-05	4.86373437525332e-05
Visa_madelantodolares	1.88963336209075e-05	7.427993441322e-05	3.24248958350221e-05
mtarjeta_visa_descuentos	1.87379469922133e-05	0.000114230576771592	4.86373437525332e-05
cforex_buy	1.86769644919764e-05	0.000611578293235676	6.48497916700443e-05
mv_cadelantosefectivo_mean6	1.86518981770492e-05	6.55922922994177e-05	4.86373437525332e-05
cforex_delta1	1.85921615348306e-05	0.000273115243153887	6.48497916700443e-05
ctarjeta_visa_descuentos_delta1	1.84759948576796e-05	0.000326591557678699	6.48497916700443e-05
Visa_madelantopesos_mean6	1.77055143385123e-05	3.87228765124613e-05	6.48497916700443e-05
tcuentas_lag1	1.76435369259811e-05	0.000375157111026755	4.86373437525332e-05
ctarjeta_master_descuentos_mean6	1.69776080538994e-05	0.000835337611296592	8.10622395875553e-05
Visa_cadelantosefectivo	1.61704319876094e-05	1.51451988734226e-05	8.10622395875553e-05
mv_status03	1.61035714822948e-05	4.7858489968302e-06	1.62124479175111e-05
ccaja_ahorro_delta1	1.61018323625996e-05	6.83953619111923e-05	1.62124479175111e-05
Master_delinquency_delta1	1.60051397479659e-05	0.000311922032445282	3.24248958350221e-05
Master_madelantopesos_mean6	1.58167159602257e-05	3.19153641777923e-05	9.72746875050664e-05
mcheques_emitidos_delta1	1.47071264419032e-05	7.20964896552521e-06	1.62124479175111e-05
mvr_mpagosdolares_delta1	1.33893677372554e-05	0.000206880156805999	6.48497916700443e-05
mcheques_emitidos_rechazados_lag1	1.3336300664023e-05	1.05570939162644e-05	1.62124479175111e-05
cprestamos_prendarios_lag1	1.26532761746938e-05	6.96023762175346e-05	1.62124479175111e-05
cforex_sell_delta1	1.25270522917312e-05	1.37659266415381e-05	4.86373437525332e-05
Visa_madelantopesos_lag1	1.20393335270827e-05	2.65398088089601e-06	1.62124479175111e-05
minversion2_delta1	1.20179329784849e-05	5.40859665513503e-06	3.24248958350221e-05
ccajas_depositos_delta1	1.17474661897049e-05	4.06114680844282e-05	3.24248958350221e-05
mforex_buy	1.09564030235745e-05	0.000457461645643884	4.86373437525332e-05
Master_madelantopesos	1.06159111804187e-05	8.50631798165265e-06	4.86373437525332e-05
Visa_cadelantosefectivo_delta1	9.52054039858486e-06	2.41400846555894e-05	1.62124479175111e-05
tpaquete9_delta1	9.35451933146403e-06	1.59417154917041e-05	1.62124479175111e-05
Visa_mpagado_lag1	9.03246822598315e-06	6.01894375751341e-05	0.000113487135422577
ctarjeta_master_debitos_automaticos_lag1	8.72281179773086e-06	4.55719926618958e-05	3.24248958350221e-05
cseguro_auto_mean6	8.07316509663222e-06	0.000287310505046103	3.24248958350221e-05
ctarjeta_master_debitos_automaticos	8.07252416551855e-06	8.42873140021842e-05	1.62124479175111e-05
mcajeros_propios_descuentos_delta1	7.94429684099092e-06	3.95576726697522e-05	1.62124479175111e-05
tpaquete7	7.77809338465538e-06	5.88203396417758e-05	1.62124479175111e-05
Visa_cadelantosefectivo_mean6	6.98387854573909e-06	3.93130865626082e-06	3.24248958350221e-05
Master_msaldodolares_delta1	6.53131025481319e-06	6.69277445326994e-06	1.62124479175111e-05
Master_cadelantosefectivo_mean6	6.32012267614027e-06	3.63739231160925e-05	0.000162124479175111
Master_Finiciomora_delta1	5.79536014022535e-06	0.000147369576634507	1.62124479175111e-05
ccheques_emitidos	5.72485193778242e-06	0.000140129001830887	1.62124479175111e-05
minversion2_lag1	5.06610761127679e-06	0.000207698432320138	4.86373437525332e-05
cseguro_vida_lag1	4.60738982554057e-06	2.62042584288544e-05	1.62124479175111e-05
ctarjeta_visa_lag1	3.50347974572411e-06	0.000156290220258121	1.62124479175111e-05
mv_madelantopesos_lag1	3.16372267614334e-06	2.2537582269903e-05	1.62124479175111e-05
ccheques_emitidos_delta1	2.25193041321653e-06	6.13570642505484e-06	1.62124479175111e-05
minversion1_pesos_delta1	1.92841304811593e-06	3.53461174936913e-06	1.62124479175111e-05
minversion1_pesos_mean6	8.12699207140795e-07	3.61227891930653e-06	1.62124479175111e-05
Master_cadelantosefectivo_delta1	7.72745934501428e-07	2.25829133029404e-06	1.62124479175111e-05
cinversion1_mean6	3.1008542698208e-07	2.61462347065665e-05	1.62124479175111e-05
mpagodeservicios_mean6	1.41272705646518e-07	2.99090126555572e-05	3.24248958350221e-05
Master_mpagado_lag1	2.86185019255148e-08	2.99094155980731e-06	1.62124479175111e-05
Visa_madelantopesos_delta1	1.38435832307767e-09	2.68329494892686e-06	1.62124479175111e-05
Master_madelantodolares_delta1	9.6125427817166e-14	2.50851863266046e-06	1.62124479175111e-05
