Feature	Gain	Cover	Frequency
ctrx_quarter_normalizado	0.10792175339493	0.0085735050707417	0.00415372773840805
ctrx_quarter	0.103756744272574	0.00543300716434602	0.00337075669506596
mcaja_ahorro	0.050616490792742	0.00656059840947742	0.00683440825968097
mtarjeta_visa_consumo	0.0506114414698539	0.00892844099739131	0.00552060939034424
mcuentas_saldo	0.0476693850777554	0.0125851478185845	0.0109748653024392
cpayroll_trx	0.019495265998827	0.00849229212092179	0.00294609443427024
mv_status07	0.0180113459047728	0.000349521188614548	0.000172519043448258
mpasivos_margen	0.0176347079317352	0.00534218084276527	0.00411391565145845
foto_mes	0.0158721855533788	0.0264781077077525	0.0179154391273191
mprestamos_personales	0.0150154850404334	0.0118270191849006	0.00522865408604719
mdescubierto_preacordado	0.014351025675348	0.0016797235895659	0.00118109191283807
mdescubierto_preacordado_mean6	0.0140753377005457	0.00290080892255708	0.00222947686917748
ctarjeta_visa_trx	0.0131324143498925	0.00603389554101667	0.00586564747724076
mpayroll	0.0128487163653951	0.011556327404535	0.00424662260795711
Visa_status_mean6	0.012677708798025	0.00329921876254219	0.00102184356503968
mcuenta_corriente	0.0122230368397368	0.00355698169278672	0.00687422034663057
mprestamos_personales_mean6	0.0118662170329206	0.0043492851164902	0.00310534278206864
mpayroll_sobre_edad	0.0116149411026385	0.00739077125846499	0.0030788013907689
mdescubierto_preacordado_delta1	0.011540839853133	0.00749165879158301	0.00200387504312976
cproductos_delta1	0.00915439524196182	0.0047098990750493	0.00134034026063646
mcaja_ahorro_lag1	0.00762367816379071	0.00294724289039756	0.0049897815643496
cprestamos_personales_mean6	0.00688324626768545	0.00304004666106395	0.0024948907821748
Visa_Finiciomora_mean6	0.00592375959572924	0.00235274322178273	0.00108819704328901
Master_status_mean6	0.00559330074632733	0.000641963993913129	0.000398120869495979
mv_status01_mean6	0.00552365317065019	0.00156606384445063	0.00114127982588847
mv_status07_delta1	0.00514120064600871	0.000402971389203331	0.00013270695649866
mactivos_margen	0.00508395973952561	0.00639596899631111	0.00725907052047668
mv_status02	0.00460952443709717	0.000258370439112498	0.000225601826047721
mv_msaldopesos	0.00456415139161289	0.0016750219295761	0.0019507922605303
mv_Finiciomora	0.00440574934455003	0.0071171587689866	0.00165883695623325
mcaja_ahorro_dolares_delta1	0.00426242640807935	0.00817419955120371	0.00379541895586167
mactivos_margen_mean6	0.00418429871868699	0.00282001081499719	0.00449876582530456
mprestamos_personales_lag1	0.00403345523009829	0.00128002164232642	0.00116782121718821
mprestamos_personales_delta1	0.00397182353128535	0.0117370158568357	0.0043660588688059
mv_status01	0.00388868236029011	0.000934936475116366	0.000530827825994639
mcuenta_corriente_mean6	0.00377105643093518	0.00584184833705767	0.00873211773761181
Visa_Finiciomora	0.00376151083322661	0.0054508031195435	0.00122090399978767
ccaja_ahorro	0.00366093529703484	0.00793858041355716	0.00258778565172386
mv_msaldototal	0.00361907461311122	0.00103093116852646	0.00167210765188311
mrentabilidad_mean6	0.00360470667545225	0.00189312133040342	0.00338402739071582
mautoservicio	0.0035528333694315	0.0034649768394587	0.00173846113013244
Visa_status	0.00343768946982691	0.00043547005407821	0.000238872521697587
mv_status02_mean6	0.00341561836255134	0.00161380919192507	0.00114127982588847
ccomisiones_mantenimiento_delta1	0.00334428120447097	0.00359910070636697	0.00184462669533137
ctrx_quarter_delta1	0.0032217120320618	0.00312873849511874	0.00536136104254585
mv_status05_delta1	0.0031142908749277	0.00137732965976486	0.000424662260795711
mpasivos_margen_mean6	0.00310311548591655	0.00178361481168633	0.00346365156461502
cproductos	0.00301356566734654	0.00655639199817412	0.00621068556413727
mrentabilidad_annual_delta1	0.00298378353377968	0.00513998275637519	0.00769700347692226
ctrx_quarter_normalizado_delta1	0.00297000039416373	0.00339894983850798	0.00443241234705523
mcomisiones_mantenimiento	0.00289870568363669	0.00696425988712186	0.00476417973830188
mcaja_ahorro_mean6	0.00279889165530662	0.00417378447996265	0.0056931284337925
cliente_edad_mean6	0.00278093752023847	0.00570989595835667	0.00832072617246596
cprestamos_personales	0.00272991054845733	0.00186444471581315	0.0012474453910874
Visa_msaldototal	0.00264511799753726	0.00180862252564355	0.00228255965177695
thomebanking_mean6	0.00255381665932704	0.00245109921060454	0.00342383947766542
mv_Finiciomora_mean6	0.00255104009999344	0.0024647269561295	0.00138015234758606
cliente_edad_lag1	0.00250739123483164	0.00536885358738155	0.00771027417257213
mtransferencias_recibidas	0.00248945319329326	0.00529383221834004	0.00326459112986703
ccomisiones_mantenimiento_mean6	0.00240039371182944	0.0066598102177673	0.00487034530350081
mcuenta_corriente_lag1	0.00224177278341431	0.00164505984154759	0.00366271199936301
mcomisiones_mantenimiento_mean6	0.00224113457377701	0.00181882207512224	0.00314515486901823
mcuentas_saldo_delta1	0.00223777452431139	0.00808902386844691	0.00553388008599411
cliente_edad	0.00218457288919913	0.00438773242722198	0.00638320460758553
mcuenta_corriente_delta1	0.00217362425072071	0.00378799879206146	0.0037821482602118
mv_mpagospesos	0.00213428619947712	0.000675062561642667	0.00111473843458874
mv_status04	0.00202870901853538	0.000988029021515154	0.000398120869495979
mcuentas_saldo_lag1	0.00200357277327297	0.0053586795437821	0.00441914165140537
ccallcenter_trx	0.00198407866205936	0.00572623333182793	0.00218966478222788
mv_status04_delta1	0.00195703870949742	0.00289713458905737	0.000928948695490618
tcallcenter	0.00192463768056331	0.00149816793737118	0.00108819704328901
ccomisiones_mantenimiento	0.00188796803990419	0.00455527282752918	0.00177827321708204
thomebanking	0.00188784909657098	0.00223891745970015	0.00180481460838177
mcaja_ahorro_delta1	0.00187217790695434	0.0066210585521268	0.00375560686891207
mtransferencias_emitidas_mean6	0.00186762993538578	0.00375139116435462	0.00574621121639196
mrentabilidad_annual_mean6	0.00184040877617387	0.00300862210252046	0.00459166069485362
mcomisiones_otras_mean6	0.00182118828884274	0.00217945856578093	0.00322477904291743
mv_msaldototal_mean6	0.0017980550836864	0.00379073661372628	0.00171191973883271
mcuenta_debitos_automaticos	0.00177956827030273	0.00708448133420479	0.00321150834726756
Master_status	0.00175966627483354	0.000157653498007391	0.000159248347798392
chomebanking_trx_delta1	0.00173088330583758	0.00621054800246278	0.00360962921676354
mtarjeta_visa_debitos_automaticos_mean6	0.0017119288682775	0.00253356257757575	0.00368925339066274
mv_mpagominimo	0.00166791808523653	0.00331656630608254	0.00276030469517212
mcomisiones_mean6	0.00166127462396313	0.00227389820119066	0.00335748599941609
mrentabilidad_annual_lag1	0.00162658814034439	0.00201641840908087	0.00484380391220108
Visa_cconsumos_mean6	0.00162307271059521	0.00312315665354304	0.00321150834726756
ctrx_quarter_normalizado_mean6	0.00160561041063531	0.00127534291475271	0.00203041643442949
ctransferencias_recibidas_mean6	0.00160123098018953	0.00245455537161706	0.00455184860790403
Visa_msaldopesos	0.00158909090244937	0.0027916666918461	0.00333094460811636
mrentabilidad_annual	0.00156363980811393	0.00203454508288736	0.00337075669506596
Visa_mpagospesos_mean6	0.00156239757075508	0.0031784558016241	0.00383523104281126
mrentabilidad	0.00155009106359271	0.00234275892819965	0.00400775008625952
numero_de_cliente	0.00154835266117285	0.00282071171198353	0.00541444382514531
ccaja_ahorro_mean6	0.00152277163191425	0.00229689649793109	0.00197733365183003
ctarjeta_visa_debitos_automaticos_mean6	0.00151490366922788	0.00580684860912791	0.00415372773840805
mcomisiones	0.0014715652027992	0.00248206031702847	0.00303898930381931
tcallcenter_mean6	0.0014284310477486	0.00347960949375031	0.00233564243437641
mcuentas_saldo_mean6	0.00142254995979614	0.00192791197874914	0.00366271199936301
Visa_fultimo_cierre_mean6	0.00140117734669498	0.00285357397860769	0.00414045704275818
cplazo_fijo	0.00139791723921612	0.00641594273040357	0.00119436260848794
Master_fultimo_cierre_mean6	0.0013884941427313	0.0017741277683722	0.00420681052100751
mactivos_margen_lag1	0.00136860854835514	0.00223489582305113	0.00375560686891207
ctrx_quarter_lag1	0.0013615782082319	0.00102584846442602	0.0018313559996815
mcaja_ahorro_dolares_mean6	0.0013315045781699	0.00201251926927786	0.00334421530376622
Visa_delinquency_mean6	0.00132523332257741	0.00128427414721417	0.000796241738991958
Visa_fechaalta_mean6	0.00131693662932	0.00264399188299092	0.00358308782546381
ctrx_quarter_mean6	0.0013162186976733	0.00167564470765877	0.00208349921702896
mpagomiscuentas	0.00131341902418314	0.0048625758956381	0.00220293547787775
mactivos_margen_delta1	0.001311232531687	0.00225975318957223	0.00351673434721448
Visa_delinquency_lag1	0.00130372674442699	0.00267775057261287	0.000902407304190886
chomebanking_trx_mean6	0.00127207387049256	0.00152289640198243	0.00356981712981395
Master_fechaalta	0.00126402896376146	0.00682957466211813	0.00488361599915068
chomebanking_trx	0.00125304326805294	0.00381113342516085	0.00360962921676354
mcomisiones_otras	0.00125250059182238	0.00301064290016319	0.0030788013907689
mvr_mpagospesos	0.0012338796366135	0.00108101750964776	0.00147304721713512
Visa_mpagominimo_mean6	0.00122676878623202	0.00202065753196023	0.00289301165167078
Visa_mpagominimo	0.00121250858964639	0.00170805135692896	0.0032380497385673
mv_msaldototal_lag1	0.00121155611499592	0.000436055545539221	0.000583910608594103
Visa_fechaalta_lag1	0.00120649888630827	0.00306362232855945	0.00294609443427024
mv_fultimo_cierre_mean6	0.00120484337295906	0.00204328770909385	0.00400775008625952
ccomisiones_otras_mean6	0.00119424714901442	0.0052673304088651	0.00420681052100751
mvr_mpagominimo	0.00119026263646771	0.00385499021262524	0.00314515486901823
tmobile_app	0.00118141130720174	0.00100758533988443	0.00189770947793083
Master_Fvencimiento_mean6	0.00117835080395155	0.00119433595636106	0.00313188417336837
mtransferencias_recibidas_mean6	0.00116003262204268	0.00209116824916586	0.00376887756456193
cpayroll_trx_mean6	0.00115712770020838	0.000929237741125519	0.00104838495633941
mpayroll_mean6	0.00114902509192037	0.00278225119080758	0.00212331130397855
ctransferencias_emitidas_mean6	0.00114330561422734	0.00123799979127716	0.002574514956074
cproductos_mean6	0.00112601013068213	0.00291141879643826	0.00435278817315604
ccaja_seguridad	0.00111913658184817	0.00526191086703216	0.0013270695649866
Visa_mfinanciacion_limite	0.00110536020226594	0.00162510280637158	0.00291955304297051
mrentabilidad_delta1	0.00110126244329587	0.0025167793659105	0.00353000504286435
mv_mpagominimo_mean6	0.00106516603420846	0.00245117086725629	0.00294609443427024
Visa_Fvencimiento	0.0010635106387864	0.00211330140478281	0.00371579478196247
Visa_fechaalta	0.00103911633593496	0.00174056740697713	0.0031186134777185
tpaquete7_mean6	0.00103632272698126	0.00390205582269926	0.000769700347692226
cliente_antiguedad_mean6	0.0010294741915619	0.00207094620447331	0.00350346365156461
cprestamos_personales_delta1	0.00102881272094802	0.00113939606373596	0.000371579478196247
ccallcenter_trx_mean6	0.0010210781105052	0.00257570864111313	0.00291955304297051
mvr_msaldopesos2	0.00101081003896214	0.00196717913765292	0.00277357539082199
mpayroll_lag1	0.00100425145460444	0.00181142971643733	0.00145977652148526
mvr_mpagominimo_mean6	0.000987507281849454	0.00263805844916065	0.00351673434721448
mv_fechaalta_mean6	0.000975674520141121	0.00238955878531221	0.00325132043421716
mv_Fvencimiento	0.000953504086948998	0.00123353471833309	0.00322477904291743
mcomisiones_mantenimiento_lag1	0.000953109593214815	0.005236314459082	0.00246834939087507
Master_fechaalta_mean6	0.000943789139214858	0.00219059777243835	0.00353000504286435
mv_cconsumos_mean6	0.000911252679496113	0.0020975048017018	0.00268068052127293
mvr_msaldototal	0.000899584606985193	0.000879426646185299	0.00108819704328901
Master_Fvencimiento	0.00089431506708278	0.00188293642107067	0.00317169626031797
mv_fechaalta	0.000884573780078963	0.00132240555104708	0.00301244791251957
Master_Fvencimiento_lag1	0.000880644958139483	0.00118878442446248	0.00326459112986703
tmobile_app_delta1	0.000879274870951335	0.000763038343872554	0.00193752156488043
ctarjeta_visa_trx_mean6	0.00087920222220138	0.00194529051822344	0.00233564243437641
Visa_mfinanciacion_limite_mean6	0.000878909573302613	0.00134372331916148	0.00213658199962842
mpayroll_sobre_edad_mean6	0.000858198269585498	0.00200961640284292	0.00180481460838177
mv_Fvencimiento_lag1	0.000839896691719286	0.00101635901921295	0.00282665817342145
cliente_antiguedad	0.000839806072954633	0.00151024491400102	0.00282665817342145
mv_status06	0.000830957914202677	0.00011821391707245	7.96241738991958e-05
canarito54	0.000829000283690276	0.00195416988110538	0.00318496695596783
mv_fechaalta_lag1	0.000823784793015093	0.00157899195112679	0.00277357539082199
mrentabilidad_lag1	0.000821607534758116	0.00107493035428524	0.0030788013907689
ccajas_extracciones_mean6	0.000807242762679725	0.00402314904472179	0.00248162008652494
Visa_mpagospesos	0.000802890514593202	0.00167332962020764	0.00240199591262574
cliente_antiguedad_lag1	0.000794681174640428	0.00138550966973835	0.00276030469517212
canarito23	0.00078743338660553	0.00162223190806779	0.00305225999946917
mpasivos_margen_lag1	0.000783731222989953	0.00152563811243601	0.00286647026037105
mvr_msaldopesos_lag1	0.000768608051490124	0.00207531554458814	0.0013270695649866
ccomisiones_otras	0.000764728546985215	0.00260813336181346	0.00204368713007936
cmobile_app_trx_mean6	0.000764086335416994	0.00171959236696644	0.00295936512992011
ctarjeta_debito_mean6	0.00076264496430358	0.00144228329782911	0.00269395121692279
mv_Fvencimiento_mean6	0.000760012819685301	0.00102366342264615	0.00278684608647185
Visa_mlimitecompra_mean6	0.000759537580904116	0.000835674570077142	0.00205695782572922
ccaja_ahorro_delta1	0.000757937106511353	0.015143582174075	0.00213658199962842
Visa_Fvencimiento_lag1	0.000756567861852432	0.000900081776132215	0.00258778565172386
internet	0.000747109950125342	0.000894043001876944	0.00163229556493351
Visa_Fvencimiento_mean6	0.000739400239781725	0.000970249822422193	0.00264086843432333
mtarjeta_master_consumo	0.000739223802890412	0.00157343023975174	0.00088913660854102
canarito37	0.000738343244346876	0.00140188450139548	0.00302571860816944
canarito14	0.000734633783709105	0.00156324475853829	0.00329113252116676
mv_mlimitecompra_mean6	0.000730999709701988	0.000906524469726138	0.00177827321708204
canarito19	0.000728173393065832	0.0026031058442006	0.00313188417336837
cpayroll_trx_lag1	0.000714713181841393	0.00054096134121013	0.000371579478196247
mforex_sell_mean6	0.000712716009460921	0.00227458262801283	0.00203041643442949
Visa_mconsumospesos_mean6	0.000710803799679845	0.000825127774637207	0.00217639408657802
Visa_delinquency	0.000706216028980857	0.000480547520897481	0.000212331130397855
mpasivos_margen_delta1	0.000704639271978444	0.00135139229654115	0.00260105634737373
ccajas_trx_mean6	0.000702787634251373	0.00336067294822491	0.00396793799930992
mcaja_ahorro_dolares	0.00070236971302269	0.00263826569872646	0.00226928895612708
mpayroll_sobre_edad_delta1	0.000692821160186684	0.00674419338824956	0.00230910104307668
canarito47	0.000685640828041364	0.000880710804297919	0.0025347028691244
internet_mean6	0.00068030398002738	0.00128507758241009	0.00172519043448258
Master_fechaalta_lag1	0.000679659928150967	0.00111801224340066	0.00297263582556998
canarito58	0.000678737001658323	0.00164197774770116	0.00270722191257266
canarito40	0.000673893837090916	0.00127116526904863	0.00272049260822252
canarito52	0.00067097340360276	0.00224487428345106	0.00294609443427024
mcomisiones_otras_lag1	0.0006683914471062	0.000645213248488267	0.00218966478222788
mvr_msaldototal_mean6	0.000664537745145771	0.000530678125584983	0.001287257478037
Visa_mpagado_mean6	0.000663592002677727	0.00169226453300793	0.00161902486928365
ctarjeta_debito_trx_mean6	0.0006611113737659	0.00235336228264085	0.0031186134777185
canarito15	0.000660540584713849	0.00107093233630914	0.00258778565172386
tmobile_app_mean6	0.000658056004368918	0.000949577078549706	0.00226928895612708
Master_mfinanciacion_limite	0.000656731167742058	0.00105933962825635	0.00213658199962842
canarito1	0.000652949255702262	0.00104403598633903	0.00278684608647185
canarito35	0.000652456548177487	0.0017443351285952	0.00268068052127293
mcomisiones_delta1	0.000651744318157828	0.00192284094101499	0.00234891313002628
mvr_mpagominimo_lag1	0.000649971111133738	0.00137764459446654	0.0018711680866311
mcomisiones_lag1	0.000641369410914457	0.000773993233380253	0.00212331130397855
Visa_mconsumospesos	0.000639294735678536	0.000832283203147968	0.00200387504312976
canarito24	0.000636958930060347	0.00191398365272807	0.00276030469517212
cproductos_lag1	0.000632325232853355	0.00190001243565449	0.00217639408657802
canarito4	0.000631998005777615	0.000973833798771242	0.00272049260822252
Visa_mlimitecompra	0.000631251167712424	0.000895543044953943	0.0019507922605303
chomebanking_trx_lag1	0.00063026200618172	0.000872123958394199	0.00264086843432333
mv_mpagospesos_mean6	0.000626978288598125	0.00171199064275713	0.00200387504312976
mv_status06_delta1	0.000625126927446526	0.000151904667267193	0.000172519043448258
canarito32	0.000624475562210899	0.00117199080456849	0.0024550786952252
mv_msaldopesos_mean6	0.000622114463940405	0.000768756178678792	0.00131379886933673
canarito60	0.000620777766617888	0.00184787561628211	0.00276030469517212
Master_mlimitecompra	0.000617883368785499	0.000878804497171395	0.00192425086923057
Visa_mconsumosdolares_mean6	0.000617397411257997	0.000683865063758486	0.00226928895612708
Master_mfinanciacion_limite_lag1	0.000616906874534308	0.00306157036341855	0.00216312339092815
mv_mfinanciacion_limite_mean6	0.000613485034327958	0.000688817150306965	0.00172519043448258
mtransferencias_recibidas_lag1	0.000613400907533832	0.00240107125850275	0.00211004060832869
mtransferencias_emitidas	0.000611158852254058	0.0024519017879794	0.0030788013907689
mpayroll_delta1	0.000607829334744391	0.00512556312764446	0.00197733365183003
mcaja_ahorro_dolares_lag1	0.000605998577055444	0.000938779742174951	0.0018313559996815
Visa_mpagominimo_lag1	0.000604277703445913	0.000701389718751725	0.0019507922605303
canarito53	0.000601359067198767	0.00190557391827725	0.00248162008652494
Visa_mpagospesos_lag1	0.000592408700777349	0.000979670012882452	0.00208349921702896
ccajas_consultas_mean6	0.000589732037248104	0.00466122911085854	0.00238872521697587
canarito29	0.000587380803637984	0.000722904385391256	0.00237545452132601
mvr_msaldototal_lag1	0.000587167357220458	0.00131819885380343	0.00111473843458874
ccaja_seguridad_lag1	0.000586937095805587	0.000796288174047333	0.000371579478196247
canarito59	0.000585847855736758	0.000905305220073007	0.0025347028691244
canarito41	0.0005767694922059	0.000765401297738301	0.00240199591262574
ccallcenter_trx_delta1	0.000575965145225623	0.000791170413659964	0.000530827825994639
ccaja_seguridad_mean6	0.000570113462382083	0.000555248693934868	0.000345038086896515
ctarjeta_visa_trx_lag1	0.000569708121037993	0.00210348209878178	0.00228255965177695
canarito34	0.000568257124120624	0.00125444633677411	0.00242853730392547
canarito11	0.000565107934497259	0.000815147598595172	0.00242853730392547
mtarjeta_visa_debitos_automaticos_delta1	0.000565082646206115	0.0033014894148629	0.00145977652148526
mpayroll_sobre_edad_lag1	0.000559447890842369	0.00093204064281404	0.000995302173739948
canarito31	0.000554627814812067	0.00105384316846921	0.00252143217347453
Visa_mfinanciacion_limite_lag1	0.000553344617716782	0.000653273735395391	0.00156594208668418
canarito51	0.000550985950869164	0.00132607759702398	0.0026143270430236
canarito27	0.000546173828922605	0.000761509306444047	0.00214985269527829
mvr_msaldopesos2_mean6	0.000544998291220293	0.00111615088609719	0.00280011678212172
canarito45	0.00054403207323435	0.000865074099060722	0.00225601826047721
mtarjeta_visa_consumo_lag1	0.000542255849260418	0.00119467199346058	0.00173846113013244
canarito36	0.000541828584389681	0.00144895400025826	0.00234891313002628
canarito50	0.000537340505796112	0.000911485820741964	0.00238872521697587
ccajas_consultas	0.000537088006682396	0.00325250668911713	0.00082278313029169
canarito22	0.000536683672235663	0.000825722644941704	0.00248162008652494
canarito16	0.000535653118052625	0.000757626979933628	0.00225601826047721
canarito3	0.00053530219269601	0.00109523772357827	0.00226928895612708
canarito57	0.000534244248975913	0.000983182046639398	0.00233564243437641
canarito13	0.000533785838669819	0.000783523453687258	0.00211004060832869
canarito55	0.000529803676753129	0.000886439276085184	0.00228255965177695
canarito25	0.000529681496058341	0.00113471922336855	0.00237545452132601
mautoservicio_mean6	0.000528919001824863	0.000967123121881138	0.00216312339092815
canarito5	0.000525432478832618	0.00103281408573234	0.00218966478222788
canarito30	0.000524639106834377	0.00147075695195883	0.00224274756482735
canarito42	0.000520474195554676	0.00078619522313119	0.00221620617352762
canarito8	0.000519605612453524	0.000782791503578889	0.00217639408657802
Visa_mpagominimo_delta1	0.000517062881095641	0.000958931388353285	0.00149958860843485
Master_mpagominimo	0.000509193903648007	0.00148815928167027	0.00139342304323593
canarito10	0.00050799026589264	0.00094151253128961	0.00228255965177695
mtransferencias_emitidas_delta1	0.000504818885230792	0.00276583192402003	0.00193752156488043
canarito49	0.000503886902722503	0.00078721277046131	0.00214985269527829
mv_msaldopesos_lag1	0.000497444359168473	0.000479370418851966	0.000862595217241288
canarito21	0.000494110650086101	0.000854511634089598	0.00217639408657802
Visa_mconsumospesos_lag1	0.000492218668173014	0.00121258140978901	0.00181808530403164
mvr_msaldopesos	0.000491227493413413	0.00091416393806167	0.00143323513018552
canarito17	0.000487866869314728	0.000703184909458171	0.00208349921702896
canarito48	0.000484621264772522	0.000822263395773399	0.00204368713007936
ccuenta_debitos_automaticos_mean6	0.000484067589490517	0.00344648284667838	0.00176500252143217
canarito26	0.000482310271032051	0.000719298277259104	0.00208349921702896
Master_fultimo_cierre	0.000482022314465637	0.00083813908995527	0.00201714573877963
mextraccion_autoservicio_mean6	0.000481490556688523	0.000876418267761144	0.00177827321708204
mcomisiones_mantenimiento_delta1	0.000480984670998374	0.00344983698417396	0.00102184356503968
canarito6	0.000479371200136536	0.000623218087684307	0.00203041643442949
canarito28	0.000479191199970331	0.000860778989060796	0.00226928895612708
canarito39	0.000477710612133657	0.000755262596366131	0.00207022852137909
mv_mfinanciacion_limite	0.000477286793113111	0.000555443476501405	0.0012076333041378
canarito9	0.000476681234810185	0.000776762050979033	0.00204368713007936
mvr_msaldopesos2_lag1	0.000473465413732183	0.000952822215583802	0.00197733365183003
canarito56	0.00047284849413525	0.000834157141826852	0.0019906043474799
mcomisiones_otras_delta1	0.000470602242923145	0.00144637962209759	0.00169864904318284
Visa_msaldototal_mean6	0.000468916583296849	0.000843800308572174	0.00151285930408472
canarito46	0.000467733833995593	0.00082599954957681	0.00193752156488043
canarito33	0.000463002596696928	0.000768946043071306	0.00221620617352762
canarito2	0.00046187391175839	0.000948977518823466	0.00196406295618016
Master_fultimo_cierre_lag1	0.000459319266987471	0.00103930241540615	0.00175173182578231
cmobile_app_trx_lag1	0.000458198392000431	0.000755358729511858	0.00193752156488043
mv_fultimo_cierre	0.000448852897530878	0.000770477596774895	0.00172519043448258
canarito7	0.000448641293042911	0.000782970902554587	0.00193752156488043
mtransferencias_emitidas_lag1	0.000447318679262563	0.000981322576542233	0.00203041643442949
ccomisiones_otras_lag1	0.000445498856977073	0.00192429340361772	0.00157921278233405
mvr_mconsumospesos_mean6	0.000445375859610453	0.00058752009341943	0.00152612999973459
Visa_fultimo_cierre	0.000444068670540279	0.00060461246379128	0.00169864904318284
canarito43	0.000443718720725437	0.0010213100191881	0.00211004060832869
ccaja_ahorro_lag1	0.000440859873097872	0.000418904385831376	0.000504286434694907
ctrx_quarter_normalizado_lag1	0.000440790094325778	0.00102787801184347	0.00159248347798392
mvr_mpagominimo_delta1	0.000439813613870072	0.00172109607007993	0.00119436260848794
mtarjeta_visa_debitos_automaticos_lag1	0.000438106834273021	0.00241409212422851	0.00171191973883271
canarito18	0.000437378523355732	0.000850423945219686	0.00189770947793083
canarito38	0.00043734141538566	0.000740301568176389	0.00217639408657802
Visa_msaldopesos_mean6	0.000437272744675331	0.000813084767720965	0.00157921278233405
Visa_mlimitecompra_lag1	0.000433197649497015	0.000584661490550696	0.00135361095628633
cextraccion_autoservicio_mean6	0.000428945204067129	0.00123885806983223	0.0018711680866311
Visa_msaldopesos_lag1	0.000428716235277032	0.000858954518062492	0.00122090399978767
Master_msaldototal_mean6	0.000427884500372478	0.000757097818721601	0.00147304721713512
mplazo_fijo_dolares_mean6	0.000427008659271256	0.00202766535806224	0.000849324521591422
mtarjeta_visa_debitos_automaticos	0.000426239260767014	0.00114066077790476	0.001287257478037
Master_mpagospesos_mean6	0.000423055283601437	0.00168147211480719	0.0018711680866311
mvr_mpagospesos_mean6	0.000421835922670395	0.000791450921143482	0.00140669373888579
Visa_mpagospesos_delta1	0.000421047571313247	0.000807431784186145	0.00172519043448258
catm_trx_mean6	0.00042090594860487	0.000650755859047921	0.00155267139103432
canarito12	0.000416740983569128	0.000615865932212628	0.00176500252143217
Visa_cconsumos	0.000414244968775092	0.000436586879897909	0.00130052817368686
Master_cconsumos_mean6	0.000411663182310162	0.0014632798977422	0.00172519043448258
mv_mpagominimo_delta1	0.00040779932260528	0.00195220020959726	0.00135361095628633
mvr_Visa_mlimitecompra_mean6	0.000406158741699977	0.000718314642454514	0.00153940069538445
mcuenta_debitos_automaticos_mean6	0.000405294459205309	0.000872750396513355	0.00156594208668418
canarito20	0.000401500079188045	0.000686571660737069	0.00179154391273191
cliente_vip_delta1	0.000400860755420521	0.000398731008186428	0.000570639912944237
mvr_Visa_mlimitecompra	0.000395520439844888	0.000534189873401579	0.00127398678238713
ctarjeta_visa_trx_delta1	0.000393875599557968	0.00172203538413024	0.00103511426068955
ctarjeta_master	0.000392676062515363	2.70044926105439e-05	7.96241738991958e-05
mv_cconsumos_delta1	0.000392488766795209	0.00328302149984252	0.000995302173739948
Master_msaldopesos_mean6	0.000388631154701188	0.000550327946448767	0.00126071608673727
ctransferencias_recibidas	0.000388203407443878	0.00164278495730969	0.00134034026063646
ccajas_depositos_mean6	0.000387465543318984	0.0053520974828615	0.00119436260848794
Visa_cconsumos_lag1	0.000387106832316074	0.000762988990568114	0.00157921278233405
mplazo_fijo_dolares	0.000385388853141908	0.0032523176253576	0.000703346869442896
Visa_msaldototal_lag1	0.000385358247250758	0.000296515396518002	0.000849324521591422
Master_mconsumospesos_mean6	0.000383186948023385	0.00143805995885708	0.00173846113013244
Master_mfinanciacion_limite_mean6	0.000382527009763708	0.000668700503227492	0.00131379886933673
Master_mfinanciacion_limite_delta1	0.000380898486878929	0.00283854323816058	0.000809512434641824
mpagomiscuentas_mean6	0.000379781591256299	0.000523083035191799	0.00140669373888579
Master_mpagominimo_mean6	0.000379644121898332	0.000518779747297858	0.00122090399978767
cplazo_fijo_mean6	0.000376929216753235	0.00195487340874295	0.000451203652095443
mvr_Master_mlimitecompra	0.000372758791782659	0.000655805680008089	0.0012474453910874
matm_mean6	0.00037223337863381	0.000615940448267883	0.00143323513018552
mvr_mconsumosdolares_mean6	0.000368964264812692	0.000614443836475085	0.00144650582583539
canarito44	0.000368834379492069	0.000807514192195064	0.00173846113013244
Master_msaldototal	0.000365294203933572	0.000925267516551458	0.00104838495633941
Master_mlimitecompra_mean6	0.000358703060304325	0.00058051638485847	0.00145977652148526
Master_mpagominimo_lag1	0.000358129403448468	0.000754487354888746	0.000875865912891154
mprestamos_prendarios	0.000356198672812914	0.00375172153983521	0.000530827825994639
mv_mpagominimo_lag1	0.000354403734964288	0.0010211102040714	0.00138015234758606
Master_mlimitecompra_lag1	0.000352851081434217	0.00143133235429824	0.00123417469543753
mdescubierto_preacordado_lag1	0.000350547966924656	0.000399408515252125	0.000451203652095443
Visa_mconsumosdolares	0.00034744163688655	0.00108231156129649	0.00135361095628633
mv_status06_mean6	0.000347439749867274	9.09592266555058e-05	0.000145977652148526
Visa_msaldopesos_delta1	0.000345213574986976	0.00107531162714816	0.00123417469543753
Visa_msaldototal_delta1	0.000344823825112015	0.000885336747282993	0.00136688165193619
Visa_mconsumototal_mean6	0.000342464165946458	0.000423042057074497	0.00112800913023861
internet_delta1	0.000338526694990192	0.000414695115124572	0.00082278313029169
ctarjeta_visa_descuentos_mean6	0.000335926051761811	0.00449173425106985	0.00104838495633941
mvr_Master_mlimitecompra_mean6	0.000335720529664757	0.000838064345147735	0.00122090399978767
mcuenta_debitos_automaticos_lag1	0.000335498817311223	0.000783899007743173	0.00104838495633941
cmobile_app_trx	0.000334068672903153	0.000668958592987557	0.0012474453910874
mvr_msaldopesos_mean6	0.000330046681553888	0.000609637922633613	0.00119436260848794
mv_mconsumospesos_mean6	0.000324704162242462	0.00111058242652988	0.00115455052153834
Visa_mconsumosdolares_lag1	0.00032371869351939	0.00066402903853867	0.00131379886933673
Visa_mconsumospesos_delta1	0.000318524429467642	0.000681948577155496	0.00143323513018552
mv_mconsumospesos	0.00031839865086724	0.000476728787520941	0.000769700347692226
Master_msaldopesos	0.0003142149507468	0.0018510318258673	0.000902407304190886
mvr_mpagado_mean6	0.000309325413641029	0.000710569490565559	0.000968760782440216
cpagomiscuentas_mean6	0.000306396439323752	0.000686864349279504	0.00151285930408472
Visa_mconsumototal	0.000302818588222081	0.000433722729786382	0.00100857286938981
internet_lag1	0.000302349398510965	0.000649889802915322	0.000942219391140484
mpagomiscuentas_lag1	0.000301365763822535	0.00202999811662701	0.00126071608673727
Master_mpagominimo_delta1	0.00029839538321176	0.00160082172403221	0.000782971043342092
ctarjeta_debito_trx	0.000292847918038197	0.000435756165992591	0.00103511426068955
cprestamos_hipotecarios_mean6	0.00028993670215866	0.00407487857065938	0.000583910608594103
mv_status05_mean6	0.000289353343035557	0.000198561954521162	0.000424662260795711
mtarjeta_visa_consumo_mean6	0.000288599419733446	0.000494190592825213	0.000995302173739948
mtarjeta_master_consumo_lag1	0.000287442927441927	0.000776829590089744	0.000782971043342092
mv_fultimo_cierre_lag1	0.00028304622103447	0.000822119567777263	0.00134034026063646
mv_mconsumosdolares_mean6	0.000282589893727803	0.000456672988547985	0.00114127982588847
mvr_Master_mlimitecompra_lag1	0.000280028103866327	0.000715595178160173	0.000995302173739948
cliente_vip_lag1	0.000278927957024725	0.000267563421370511	0.000318496695596783
mv_mpagospesos_delta1	0.00027342106569439	0.000975174573073196	0.00106165565198928
mtransferencias_recibidas_delta1	0.00027306583090374	0.0010181757698218	0.00118109191283807
Visa_mpagosdolares_mean6	0.000271149654596515	0.000402358847785194	0.000942219391140484
Visa_cconsumos_delta1	0.000270189698695968	0.00141461919801879	0.000928948695490618
mv_mlimitecompra	0.000268889946282852	0.000351869273582087	0.00075642965204236
ccuenta_debitos_automaticos	0.000262604707243955	0.00105562308996096	0.00082278313029169
mv_mfinanciacion_limite_delta1	0.000257394978019493	0.00282619993668859	0.000663534782493298
mvr_msaldodolares_mean6	0.000256304218959961	0.0012318090683198	0.00134034026063646
mvr_mpagospesos_lag1	0.000253647341877299	0.000556238905367512	0.000955490086790349
Master_msaldopesos_lag1	0.000248958934098835	0.00125847026094593	0.000729888260742628
mv_mpagado_mean6	0.00024886844407194	0.00148620487937685	0.00100857286938981
Master_mlimitecompra_delta1	0.000245501250460021	0.000964401198499785	0.000517557130344773
mv_cconsumos	0.00024346367777587	0.000525646776371436	0.000782971043342092
ctarjeta_debito	0.000243202908205148	0.00042651611795294	0.000942219391140484
mv_mfinanciacion_limite_lag1	0.000241989441609148	0.000310638047601041	0.000703346869442896
mvr_mconsumospesos	0.000237788624646199	0.000255146633228525	0.000782971043342092
mv_cconsumos_lag1	0.000237114449258091	0.00084245833332075	0.000875865912891154
Master_mpagospesos	0.000235543349833083	0.00165368283031157	0.00131379886933673
Visa_fultimo_cierre_lag1	0.000233270029386716	0.000360478765961539	0.000928948695490618
mv_mpagospesos_lag1	0.000232316869922446	0.000434243369975974	0.000875865912891154
cmobile_app_trx_delta1	0.000231673360161968	0.00123762566692299	0.000955490086790349
tpaquete9	0.000230406223149152	0.00212818259842678	0.000411391565145845
mvr_msaldodolares2_mean6	0.000228518985256888	0.000531313885359555	0.000915677999840752
ctarjeta_master_trx_mean6	0.000226915948948214	0.000805178345474514	0.000836053825941556
cforex_mean6	0.000225562377961396	0.000527646242864045	0.00082278313029169
mvr_msaldopesos2_delta1	0.000224038245556364	0.000581377751569327	0.000995302173739948
mvr_mconsumospesos_lag1	0.000222172474942273	0.000506547733810153	0.00082278313029169
minversion1_pesos	0.000219582990149119	0.0022718990206384	0.000318496695596783
ccajas_otras_delta1	0.000218320013998124	0.00181422998747463	0.000358308782546381
cpagomiscuentas	0.000218226354874945	0.00160115055543491	0.000716617565092762
mvr_Visa_mlimitecompra_lag1	0.000216565595304832	0.000410565564587395	0.000769700347692226
mv_fultimo_cierre_delta1	0.000213694059312498	0.00027663356365409	0.000650264086843432
Master_mpagosdolares_mean6	0.000212550037239425	0.00269033429273128	0.000782971043342092
mtarjeta_visa_consumo_delta1	0.000209854678562749	0.0010101789904247	0.00102184356503968
Master_Finiciomora_mean6	0.000209449003400919	0.000546260616531788	0.000291955304297051
ctransferencias_recibidas_lag1	0.000206962091653383	0.000509414171444482	0.00082278313029169
mv_msaldototal_delta1	0.000206149999582648	0.000932536520569307	0.000703346869442896
Visa_mpagado	0.000203270738459441	0.00141580533577937	0.000650264086843432
Visa_mconsumosdolares_delta1	0.000201987833710631	0.000422874839157717	0.000836053825941556
mvr_mconsumototal_mean6	0.000199941151675188	0.000267455393106216	0.000650264086843432
mprestamos_hipotecarios_mean6	0.000199230309287165	0.00231802508790982	0.000331767391246649
Master_msaldototal_delta1	0.000198670136766817	0.000935081275309693	0.000583910608594103
mplazo_fijo_dolares_delta1	0.000196087246991402	0.0026675485068591	0.000477745043395175
ctarjeta_debito_trx_lag1	0.000193512809979456	0.00051704820691336	0.00102184356503968
ctransferencias_emitidas	0.000192106676000821	0.00051916530926603	0.000849324521591422
Visa_mconsumototal_lag1	0.000190857624371231	0.000461038211121772	0.00069007617379303
ccuenta_debitos_automaticos_delta1	0.000190856211441932	0.00367029310536741	0.000610451999893834
Master_fultimo_cierre_delta1	0.000187379454331622	0.000300404242468404	0.000650264086843432
cforex_sell_mean6	0.000185888649711345	0.000373997854153436	0.000703346869442896
mv_msaldopesos_delta1	0.000184787433092835	0.00144184746754738	0.000650264086843432
tpaquete7	0.00018305963361093	0.000620899283008627	0.000145977652148526
ctarjeta_debito_lag1	0.000182251981319695	0.000341961783577065	0.000663534782493298
Master_msaldototal_lag1	0.000180601299880606	0.000425793089183497	0.000743158956392494
mv_mlimitecompra_lag1	0.000180155562774658	0.000264725978087689	0.000636993391193566
mvr_mpagospesos_delta1	0.000177464480554537	0.000629952440435406	0.000782971043342092
mv_mconsumospesos_lag1	0.000177063134322946	0.000368727001302586	0.0006237226955437
mextraccion_autoservicio_lag1	0.000172849464089018	0.000378976704718692	0.00088913660854102
mvr_msaldopesos_delta1	0.000172702030565327	0.000583428229820406	0.000703346869442896
mvr_msaldototal_delta1	0.000171889967021828	0.00109503379092053	0.000836053825941556
ccheques_depositados_mean6	0.000170636037110854	0.00169116692237976	0.000464474347745309
ctarjeta_visa_debitos_automaticos_lag1	0.000168325177280124	0.00104639310702163	0.000650264086843432
matm_other_mean6	0.000167071448567583	0.000353065018938434	0.000703346869442896
cseguro_accidentes_personales_mean6	0.000164828809574401	0.000531618697772837	0.000544098521644505
ctransferencias_emitidas_lag1	0.000163001386534989	0.000324878220168001	0.000610451999893834
tmobile_app_lag1	0.000162586721226214	0.000195513658824124	0.000597181304243969
tcuentas_lag1	0.000159787042020942	0.00360332375939866	0.000570639912944237
mautoservicio_lag1	0.000159720748701862	0.00043642160637551	0.00106165565198928
Master_mconsumosdolares_mean6	0.000158239949239784	0.000216927445708116	0.000610451999893834
Master_mconsumototal_mean6	0.000157229984099868	0.000448884030597384	0.000676805478143164
Master_msaldopesos_delta1	0.000156319656192132	0.000524166177238248	0.000504286434694907
ccajas_otras	0.000155863997157005	0.00207743127442713	0.000345038086896515
cprestamos_personales_lag1	0.000150648974702708	0.000132820436416049	0.00013270695649866
ctarjeta_visa_debitos_automaticos	0.000149572310848572	0.000317669034871408	0.000477745043395175
ccajas_trx_delta1	0.000149213100252637	0.000939658322494888	0.000358308782546381
Master_mpagospesos_lag1	0.000145745257411043	0.000528880361415385	0.000716617565092762
mv_status07_mean6	0.000145584616182538	0.000144053603072535	0.000212331130397855
mforex_buy_mean6	0.000145282858416367	0.0022495188125589	0.000597181304243969
mvr_mconsumospesos_delta1	0.000145282528561758	0.000635647400013631	0.0006237226955437
catm_trx_other_mean6	0.00014478691553734	0.000538247710098933	0.00069007617379303
ctarjeta_debito_delta1	0.000140991505909087	0.00336817630895375	0.000477745043395175
ccajas_otras_mean6	0.000139532983440077	0.000413499141015944	0.000331767391246649
Visa_msaldodolares_mean6	0.000137999124595869	0.000518303599426753	0.000663534782493298
mprestamos_prendarios_lag1	0.000135222150712836	0.00334014271702294	0.000491015739045041
mtarjeta_master_consumo_mean6	0.000133244286086068	0.000249143315576675	0.000424662260795711
Visa_mpagosdolares	0.000132189349723877	0.000309862177054886	0.000371579478196247
ctarjeta_visa_debitos_automaticos_delta1	0.000132086059328694	0.000401320655561791	0.000252143217347453
ctransferencias_emitidas_delta1	0.000131661083082115	0.000488764645928429	0.000464474347745309
Master_mpagospesos_delta1	0.000129405735748577	0.000439829443468854	0.000610451999893834
mextraccion_autoservicio	0.000129243930776483	0.000394178609059418	0.000530827825994639
mv_mconsumospesos_delta1	0.000126779738323541	0.000359713703960621	0.000544098521644505
mcheques_depositados_mean6	0.000126586642558701	0.00133064286346675	0.000371579478196247
cextraccion_autoservicio_lag1	0.000126446827664674	0.000368326170119715	0.000570639912944237
Master_mconsumospesos	0.00012265829247104	0.000335493069411276	0.000544098521644505
mv_mconsumosdolares	0.000119940071075302	0.000468552323207788	0.000437932956445577
mcaja_ahorro_adicional	0.000119805396991121	0.00437305196370382	0.0006237226955437
ctarjeta_debito_trx_delta1	0.000119453705477378	0.000698517447934252	0.0006237226955437
mvr_mconsumosdolares_lag1	0.000118931805322229	0.000252273790530352	0.000437932956445577
thomebanking_lag1	0.000118382877365308	0.000169546843744353	0.000557369217294371
mvr_mconsumosdolares	0.000117442303331746	0.000228004660497618	0.000424662260795711
minversion1_pesos_lag1	0.000116951950300567	0.00280787121743066	0.000424662260795711
Visa_mlimitecompra_delta1	0.000116632169918954	0.000422555786914995	0.000371579478196247
mv_mconsumototal_mean6	0.000115643030253747	0.000401395285993186	0.000424662260795711
mv_status01_delta1	0.000113531808809054	0.000664060491977189	0.000238872521697587
mv_msaldodolares_mean6	0.000112977082472918	0.00044524183679304	0.000583910608594103
mautoservicio_delta1	0.000109098119571784	0.000359150058342363	0.000703346869442896
Visa_mconsumototal_delta1	0.000108929777981597	0.000226329164421754	0.000530827825994639
mvr_mconsumototal	0.000108400129325246	0.000176086928621545	0.000464474347745309
Visa_mfinanciacion_limite_delta1	0.000107704293206911	0.000192035308840428	0.000225601826047721
ccomisiones_mantenimiento_lag1	0.000107576533585822	0.000140550890971005	0.000305225999946917
mvr_mpagosdolares_mean6	0.000105030259551719	0.000593247192693014	0.000451203652095443
matm_lag1	0.000101128838480371	0.000335630606719709	0.000610451999893834
Master_delinquency	9.73788044690513e-05	5.62130706282795e-05	6.63534782493298e-05
mextraccion_autoservicio_delta1	9.67772553205825e-05	0.000479336277574155	0.000424662260795711
ccomisiones_otras_delta1	9.53919951872098e-05	0.000189844948570045	0.000451203652095443
mv_mconsumosdolares_delta1	9.41886401073417e-05	0.000233747772430812	0.000358308782546381
mv_mconsumosdolares_lag1	9.33666369042031e-05	0.000184488771118703	0.000358308782546381
Master_mconsumospesos_lag1	9.31574959031059e-05	0.000254393637910383	0.000451203652095443
Visa_fultimo_cierre_delta1	9.10627444739893e-05	0.000115104258576265	0.000398120869495979
mvr_msaldodolares2_delta1	8.81866675738147e-05	0.00238128515846807	0.000464474347745309
mvr_mconsumototal_lag1	8.71186341122138e-05	0.000317882632312986	0.000345038086896515
mv_mconsumototal	8.26154649219197e-05	0.000377766605156767	0.000318496695596783
mcaja_ahorro_adicional_lag1	8.08354655925031e-05	0.00233689509225061	0.000331767391246649
mv_mpagosdolares_mean6	8.0234193087965e-05	0.000260872474364568	0.000371579478196247
Visa_Fvencimiento_delta1	8.00781537690455e-05	0.000157166941907539	0.000159248347798392
ccallcenter_trx_lag1	7.99432539460118e-05	0.00058773763683784	0.000411391565145845
mvr_msaldodolares_lag1	7.92393197446291e-05	0.00082224772624221	0.000464474347745309
ccajas_trx	7.75967575878632e-05	0.000328803094602524	0.000225601826047721
tcuentas_mean6	7.7387533639762e-05	0.000678757139719162	0.000185789739098124
Visa_status_delta1	7.70820149718185e-05	0.000543131514091791	0.000185789739098124
mvr_mpagado_lag1	7.70746890149147e-05	0.00187124083167988	0.000384850173846113
ctarjeta_master_debitos_automaticos_mean6	7.29841254722509e-05	0.000558140809012642	0.000278684608647185
mcheques_emitidos_mean6	7.25847375173578e-05	0.00202329630388776	0.000345038086896515
mcaja_ahorro_adicional_mean6	7.22828588811451e-05	0.00177037748911549	0.000291955304297051
ccheques_emitidos_mean6	7.15147403643707e-05	0.00155133763047645	0.000291955304297051
cextraccion_autoservicio	7.14767347611319e-05	0.000200681630336983	0.000278684608647185
Visa_mpagado_delta1	7.10761164392542e-05	0.000674888652721693	0.000291955304297051
mv_status03_delta1	7.03139635469653e-05	0.00122304431033021	0.000265413912997319
mv_Fvencimiento_delta1	6.95943755366472e-05	9.97124898430249e-05	0.000238872521697587
active_quarter_mean6	6.95259421228413e-05	0.00020177718219463	0.000238872521697587
Visa_msaldodolares_lag1	6.94098925388049e-05	0.000182436863165872	0.000278684608647185
mv_mconsumototal_lag1	6.76819677188538e-05	0.000141788326430407	0.000291955304297051
Visa_fechaalta_delta1	6.75729119153568e-05	8.92822436898202e-05	0.000172519043448258
mprestamos_hipotecarios_lag1	6.67002053974207e-05	0.00170101985496597	0.000238872521697587
tpaquete9_mean6	6.65677094707126e-05	0.000244280842733939	0.00013270695649866
Master_Fvencimiento_delta1	6.54806280480006e-05	0.000241794991705688	0.000265413912997319
cpagomiscuentas_lag1	6.51746932791546e-05	0.000146004345329475	0.000358308782546381
mv_status04_mean6	6.40215974882624e-05	0.000141687103546446	0.000225601826047721
mvr_mconsumototal_delta1	6.30268936125405e-05	0.000301002372492893	0.000252143217347453
ccajas_consultas_delta1	6.10392259755223e-05	0.000597635462059026	0.000145977652148526
mvr_mconsumosdolares_delta1	6.06324656340412e-05	0.000207991237884557	0.000238872521697587
Master_mconsumospesos_delta1	5.90658867464199e-05	0.000105299249592745	0.000291955304297051
mv_mpagado	5.84562047143903e-05	0.000920090623699673	0.000491015739045041
ccuenta_debitos_automaticos_lag1	5.83591139859087e-05	0.000471537712027789	0.000291955304297051
mv_fechaalta_delta1	5.8212890350554e-05	0.000125708356462374	0.000172519043448258
catm_trx	5.80298062232731e-05	0.000302819008725602	0.000265413912997319
thomebanking_delta1	5.75552775226105e-05	0.000151030890745139	0.000185789739098124
mv_mconsumototal_delta1	5.72687979912461e-05	0.000206025512353268	0.000238872521697587
ctarjeta_master_descuentos_mean6	5.52523500401574e-05	0.00085821776415624	0.000185789739098124
tcallcenter_delta1	5.33286003857035e-05	2.19243047851874e-05	2.65413912997319e-05
Master_fechaalta_delta1	5.23522916368202e-05	8.15388646310367e-05	0.00019906043474799
Master_cconsumos	5.21660636222376e-05	0.000104871254076608	0.000212331130397855
mcuenta_debitos_automaticos_delta1	5.03898736447475e-05	0.000188924620958983	0.00019906043474799
mforex_sell_lag1	4.99218537019527e-05	0.000133433206586466	0.000265413912997319
Master_delinquency_mean6	4.98572034927698e-05	0.000236550502555123	0.000145977652148526
mv_status03_mean6	4.88436572532596e-05	0.000194217376840657	0.000331767391246649
matm_other	4.80274642186065e-05	0.000370629076511926	0.00013270695649866
matm	4.74846143291001e-05	0.000161545489301644	0.000291955304297051
mttarjeta_master_debitos_automaticos_mean6	4.7349036836962e-05	0.000125222143490942	0.000185789739098124
tcallcenter_lag1	4.70602410445113e-05	0.000384574959270489	0.00019906043474799
ctarjeta_visa	4.57027875459647e-05	2.33681319893432e-05	2.65413912997319e-05
mvr_msaldodolares2_lag1	4.4028801187556e-05	0.000377361256116363	0.000331767391246649
mpagomiscuentas_delta1	4.18660526212345e-05	0.000135139355467869	0.000278684608647185
Master_cconsumos_lag1	4.10620707404328e-05	0.000118192643110397	0.000212331130397855
Master_delinquency_lag1	4.04614454375899e-05	0.000382003211761047	9.28948695490618e-05
Master_mconsumototal	4.04213959958505e-05	7.28962031709639e-05	0.000172519043448258
mforex_sell	4.01485248306826e-05	0.000213980658835388	0.000265413912997319
ctransferencias_recibidas_delta1	3.88589263520188e-05	0.000214890864158054	0.000225601826047721
mplazo_fijo_dolares_lag1	3.88537583133558e-05	0.000340776961142095	0.000159248347798392
mtarjeta_visa_descuentos_mean6	3.83681541126629e-05	4.55390889205886e-05	9.28948695490618e-05
mvr_mpagado	3.76784137065721e-05	0.000262531214335913	0.000172519043448258
Master_mpagado_mean6	3.73026516216822e-05	0.000124381879177928	0.00013270695649866
mcheques_depositados_lag1	3.6945103501775e-05	0.000684328744630324	0.00013270695649866
catm_trx_lag1	3.62134156272432e-05	9.43053006332124e-05	0.000159248347798392
ctarjeta_master_trx_lag1	3.6123508383451e-05	5.37235595635466e-05	0.000185789739098124
mttarjeta_master_debitos_automaticos_lag1	3.58720810093482e-05	0.000247290536483703	0.000185789739098124
cplazo_fijo_lag1	3.58056243469942e-05	0.000314494925420294	6.63534782493298e-05
ctarjeta_master_trx	3.53091495740701e-05	0.000203080326746502	0.00013270695649866
cseguro_vivienda_mean6	3.51574851339515e-05	7.30280216723929e-05	0.000106165565198928
Master_mconsumototal_lag1	3.44152637922158e-05	8.27983174974019e-05	0.000145977652148526
mtarjeta_master_consumo_delta1	3.43785114015743e-05	7.44814564723145e-05	0.000119436260848794
ccheques_depositados_lag1	3.4368263037152e-05	0.000577062454180679	0.000106165565198928
ccajas_extracciones	3.41169765788222e-05	0.000269705114593295	0.000172519043448258
mv_status05	3.32637224550086e-05	4.70769904999508e-05	9.28948695490618e-05
active_quarter_lag1	3.15231911963767e-05	5.09670373998236e-05	0.000106165565198928
ccajas_trx_lag1	3.1202420322896e-05	0.000341087663926591	0.000278684608647185
cseguro_vida_lag1	3.03813719793784e-05	0.000377394768325404	0.000119436260848794
mv_mpagado_delta1	3.0311170065057e-05	0.000390947254350201	0.00013270695649866
Master_mconsumosdolares_lag1	3.023537297392e-05	5.2533590202273e-05	0.00013270695649866
minversion2_lag1	3.02157579734827e-05	0.00109704372282996	0.000159248347798392
ctarjeta_visa_mean6	3.00101042518118e-05	0.000141175899388409	6.63534782493298e-05
cseguro_vida_mean6	2.97042687671547e-05	0.000183965271525609	0.000119436260848794
Master_mconsumosdolares	2.74932651126015e-05	3.86979088546661e-05	0.000106165565198928
Master_mpagosdolares	2.73864064393172e-05	7.07509642878375e-05	9.28948695490618e-05
cpagomiscuentas_delta1	2.72730316686988e-05	0.000547642680620307	0.00013270695649866
Master_mconsumototal_delta1	2.72270528956143e-05	3.19085411801947e-05	0.000106165565198928
cextraccion_autoservicio_delta1	2.67689290096079e-05	3.5924573398353e-05	9.28948695490618e-05
catm_trx_other	2.60361610034206e-05	0.000396006854470345	0.000106165565198928
Master_cconsumos_delta1	2.57417435438955e-05	3.05611330621167e-05	7.96241738991958e-05
catm_trx_delta1	2.55178941442055e-05	9.81896287260817e-05	7.96241738991958e-05
ccajas_depositos_lag1	2.44153938223793e-05	0.000304217771730571	7.96241738991958e-05
matm_other_delta1	2.38586722218566e-05	0.000308436707221211	0.000185789739098124
cseguro_vida	2.25422681224692e-05	0.000279315855702908	7.96241738991958e-05
cforex_buy_mean6	2.24883107848548e-05	9.7448128210017e-05	6.63534782493298e-05
cseguro_vivienda	2.23102114905543e-05	9.7076234190584e-05	6.63534782493298e-05
matm_other_lag1	2.14076989307578e-05	3.52331696316384e-05	9.28948695490618e-05
cpayroll_trx_delta1	2.02548182166334e-05	0.000113624746016408	0.000172519043448258
matm_delta1	1.9851869016918e-05	0.000164414214458775	0.000159248347798392
Visa_mpagado_lag1	1.94936380572539e-05	0.000130006668994221	7.96241738991958e-05
Master_status_lag1	1.92505839167287e-05	0.000225266438516306	6.63534782493298e-05
Visa_msaldodolares_delta1	1.90413547128432e-05	0.000105751778790927	0.000119436260848794
catm_trx_other_lag1	1.89109328136585e-05	0.000100345790530585	9.28948695490618e-05
mttarjeta_master_debitos_automaticos	1.86876612806704e-05	0.000180483032753151	0.000106165565198928
mcheques_emitidos_rechazados_mean6	1.82993524965442e-05	0.000849281327580401	0.000119436260848794
Master_mconsumosdolares_delta1	1.81672000134679e-05	2.98849985101012e-05	7.96241738991958e-05
Master_madelantopesos_mean6	1.78088079933104e-05	6.33921750000346e-05	0.000238872521697587
mttarjeta_master_debitos_automaticos_delta1	1.76141890527568e-05	0.000316477750184523	0.000119436260848794
mv_status03	1.61182423577878e-05	3.27455457732166e-05	6.63534782493298e-05
mv_msaldodolares_lag1	1.58004575977044e-05	0.000131807807259952	0.000172519043448258
ctarjeta_master_mean6	1.52682364390369e-05	1.41829273088551e-05	5.30827825994639e-05
cforex	1.39325067463903e-05	5.06677150412641e-05	6.63534782493298e-05
ctarjeta_visa_delta1	1.2993719996164e-05	9.08431920614062e-05	2.65413912997319e-05
ctarjeta_master_trx_delta1	1.29565801590716e-05	5.2440259271977e-05	7.96241738991958e-05
Master_msaldodolares_mean6	1.292527579299e-05	5.05451038191105e-05	7.96241738991958e-05
mvr_Master_mlimitecompra_delta1	1.28502689073236e-05	1.78525141987457e-05	2.65413912997319e-05
mvr_mpagosdolares_delta1	1.25766453188899e-05	0.000440552071921807	0.000212331130397855
Visa_msaldodolares	1.24652360951498e-05	0.000107010545400451	6.63534782493298e-05
mv_status02_delta1	1.17688225296587e-05	2.50532356609738e-05	6.63534782493298e-05
Visa_mpagosdolares_delta1	1.1609519618014e-05	1.52446238290418e-05	3.98120869495979e-05
mv_status06_lag1	1.13748240237323e-05	2.5113683451e-05	2.65413912997319e-05
Master_mpagosdolares_delta1	1.11533481147813e-05	2.5927526875658e-05	7.96241738991958e-05
Visa_delinquency_delta1	1.06604257114649e-05	2.99953142971974e-05	2.65413912997319e-05
Visa_madelantopesos_mean6	1.01621892724867e-05	2.71329370158409e-05	5.30827825994639e-05
Visa_mpagosdolares_lag1	9.97349600747936e-06	1.08940414011829e-05	2.65413912997319e-05
Master_mpagado	9.73293838098479e-06	4.66582594511597e-05	5.30827825994639e-05
cforex_lag1	9.6410230722649e-06	2.35516485060833e-05	2.65413912997319e-05
ctarjeta_master_debitos_automaticos_lag1	9.32665420102676e-06	3.53834026916185e-05	3.98120869495979e-05
Master_cadelantosefectivo_mean6	9.04314040739752e-06	3.64784398566351e-05	0.00013270695649866
tpaquete9_lag1	8.6293641167531e-06	2.46616117573789e-05	1.3270695649866e-05
cforex_sell	8.59642774820944e-06	2.50582110230667e-05	3.98120869495979e-05
mv_status02_lag1	8.55837174679236e-06	0.000113656371019137	2.65413912997319e-05
mforex_sell_delta1	8.46588070489949e-06	6.49945847223955e-05	5.30827825994639e-05
mvr_Visa_mlimitecompra_delta1	8.3705288225998e-06	3.85780426598742e-05	3.98120869495979e-05
cseguro_accidentes_personales_lag1	7.95218370020763e-06	1.98321936191228e-05	2.65413912997319e-05
ctarjeta_visa_lag1	7.94236539904581e-06	0.000241987429561353	3.98120869495979e-05
mv_mpagosdolares_lag1	7.85258010337901e-06	2.41782581894491e-05	5.30827825994639e-05
mv_mpagosdolares_delta1	7.80927769998637e-06	0.000113609305237498	7.96241738991958e-05
mv_status07_lag1	7.72724121684092e-06	4.2638281256169e-06	1.3270695649866e-05
mvr_mpagado_delta1	7.35197166123246e-06	0.000237483182789312	7.96241738991958e-05
mvr_mpagosdolares_lag1	7.11560529206373e-06	2.39636313626103e-05	3.98120869495979e-05
mv_status04_lag1	6.91500961395615e-06	2.54897521995455e-05	2.65413912997319e-05
mv_mlimitecompra_delta1	6.78797784657331e-06	6.57068049466026e-06	1.3270695649866e-05
mvr_msaldodolares_delta1	6.39085209127281e-06	4.48929781053411e-05	5.30827825994639e-05
mvr_msaldodolares2	6.34006082833832e-06	5.38586949730376e-05	5.30827825994639e-05
Master_mpagado_lag1	6.214712881957e-06	1.93056058702471e-05	2.65413912997319e-05
cforex_sell_lag1	6.17524018750749e-06	2.17415317133578e-05	5.30827825994639e-05
mvr_mpagosdolares	6.08880001118699e-06	8.23147351771919e-05	7.96241738991958e-05
mv_msaldodolares	6.03902385843177e-06	5.39368138767045e-05	3.98120869495979e-05
mv_mpagado_lag1	5.86341804327876e-06	2.25296976945705e-05	3.98120869495979e-05
Master_mpagosdolares_lag1	5.67624962486257e-06	6.30349783146004e-06	3.98120869495979e-05
ccheques_emitidos_delta1	5.58154190398799e-06	1.26246095884906e-05	1.3270695649866e-05
ctarjeta_master_debitos_automaticos	5.19532563821756e-06	5.05017552620245e-05	2.65413912997319e-05
Master_msaldodolares_lag1	5.09684805773019e-06	1.42801470279134e-05	2.65413912997319e-05
ccajas_extracciones_lag1	5.06920174739265e-06	7.18586972044017e-05	9.28948695490618e-05
Master_msaldodolares	5.06606101974908e-06	1.61382446113977e-05	1.3270695649866e-05
mvr_msaldodolares	4.5416031515384e-06	7.65594421850806e-05	6.63534782493298e-05
Master_madelantopesos_lag1	4.25747560946768e-06	2.00335528137136e-06	1.3270695649866e-05
Master_madelantopesos_delta1	4.25512455475978e-06	2.11109760531597e-06	1.3270695649866e-05
cseguro_accidentes_personales	4.19205829603283e-06	2.77031020740828e-05	2.65413912997319e-05
ctarjeta_master_debitos_automaticos_delta1	3.63303563198955e-06	7.02175139705576e-05	1.3270695649866e-05
Master_status_delta1	3.59071244142505e-06	7.45452211704028e-06	1.3270695649866e-05
Master_delinquency_delta1	3.55638146041644e-06	4.34223296963392e-06	1.3270695649866e-05
Visa_madelantopesos	3.53876594691796e-06	2.18121017917801e-06	1.3270695649866e-05
mcajeros_propios_descuentos_mean6	3.36409912342953e-06	3.01535536869823e-05	2.65413912997319e-05
mpagodeservicios_mean6	3.18362420262087e-06	9.81210602301106e-05	2.65413912997319e-05
minversion2_mean6	3.16840152574823e-06	9.84524650959593e-05	2.65413912997319e-05
cliente_vip	2.80600463181174e-06	2.74025215779826e-05	1.3270695649866e-05
minversion1_pesos_delta1	2.15068550645281e-06	2.3371048580915e-06	1.3270695649866e-05
cinversion1_mean6	1.82882137583302e-06	2.36329699416721e-06	1.3270695649866e-05
catm_trx_other_delta1	1.78863562945415e-06	1.4656272964529e-05	3.98120869495979e-05
cinversion1	1.65344833263628e-06	4.66151396463538e-06	1.3270695649866e-05
ccheques_depositados_delta1	1.60711622865297e-06	1.19645448841548e-05	1.3270695649866e-05
mv_mpagosdolares	1.13644840721511e-06	3.12308625502883e-05	5.30827825994639e-05
Master_mpagado_delta1	1.12221511421123e-06	1.86119145807311e-05	1.3270695649866e-05
ccajas_consultas_lag1	9.88238976994223e-07	8.4007387674067e-05	5.30827825994639e-05
ccajas_extracciones_delta1	8.19298541972865e-07	7.01634712443751e-05	5.30827825994639e-05
Master_msaldodolares_delta1	6.68610001999821e-07	2.27029203587043e-05	1.3270695649866e-05
mcheques_depositados_delta1	2.73537887335086e-07	2.21769044905289e-05	2.65413912997319e-05
cforex_sell_delta1	2.35015514581596e-08	9.93837156283977e-06	1.3270695649866e-05
mcheques_depositados_rechazados_mean6	1.70375161114644e-08	1.10676071937369e-05	1.3270695649866e-05
Visa_cadelantosefectivo_lag1	8.88789439319729e-09	2.08118824468803e-06	1.3270695649866e-05
mv_msaldodolares_delta1	7.50878492406562e-09	1.35414487272804e-05	1.3270695649866e-05
Visa_madelantodolares_delta1	4.80157409054338e-11	3.80329259763073e-06	1.3270695649866e-05
Master_madelantopesos	9.1962136109564e-13	2.32275065251289e-06	1.3270695649866e-05
Master_madelantodolares_mean6	1.43804800345966e-14	1.77014233177151e-05	7.96241738991958e-05
