Feature	Gain	Cover	Frequency
ctrx_quarter	0.21748159530957	0.0174966269532735	0.014264810255242
mcuentas_saldo	0.044828183293195	0.0131634317300698	0.0187335161705819
mtarjeta_visa_consumo	0.0360493172654201	0.0122644561581156	0.0156492328721512
mcaja_ahorro	0.0281948990663638	0.00702998774775609	0.0126438090898736
mdescubierto_preacordado	0.0209847043144415	0.00177122122893436	0.0015509038176768
foto_mes	0.0195217682625797	0.0150276762867638	0.0169109851306001
mpayroll	0.0182195363978698	0.0122702194263845	0.00554645263609838
ctarjeta_visa	0.0172744242469328	0.000433275525921579	0.000613351792301559
cpayroll_trx	0.0157041184704145	0.00806251968705514	0.0041883165245735
mprestamos_personales	0.0151649534080756	0.00776259033365697	0.00322447799381391
mcuenta_corriente	0.0121407317419024	0.00675765080390667	0.010514602153741
mdescubierto_preacordado_delta1	0.0110386644716532	0.00432426741034578	0.00111279539460426
Master_status	0.0108765508682521	0.00136916464227638	0.000639638297685911
mpasivos_margen	0.0100920961339928	0.00857164618199934	0.0103305966160505
cproductos_delta1	0.00852131289204166	0.0049243957996213	0.00184005537690468
cliente_edad_lag1	0.00840099530602042	0.0100108692399743	0.0151322649329256
mactivos_margen	0.00835003129184717	0.00802686364139352	0.0132396365452522
numero_de_cliente	0.00812889700630842	0.00990103973136044	0.0158858114206104
ctrx_quarter_delta1	0.00798573615465442	0.00610661015509439	0.0121005546452636
mrentabilidad_annual	0.00778548536758303	0.00755427602565346	0.0114258676737319
mrentabilidad_annual_delta1	0.00772421578023687	0.00629624419163858	0.0122933223514155
cliente_edad	0.00736784121869793	0.00717432147417044	0.0123458953621842
Master_fechaalta	0.00714438728476251	0.00845529375231521	0.0114171055052704
mcaja_ahorro_lag1	0.00654057374711707	0.00526656108415372	0.0094280932645211
Visa_fultimo_cierre_lag1	0.0064791551137573	0.00304733142330112	0.00607218274378543
Visa_status	0.00644694835565531	0.00122420209003027	0.000630876129224461
mprestamos_personales_delta1	0.00643837360869899	0.00912247230161086	0.00324200233073681
mrentabilidad	0.00627419359324476	0.00457879628802078	0.00879721713529664
mcuenta_corriente_lag1	0.00622508785768963	0.0075491472414254	0.0100502072252841
Visa_Fvencimiento	0.0061468162322377	0.00785387819693416	0.0112681486414258
Master_Fvencimiento	0.00609354349197711	0.0059390097199801	0.0111717647883498
Visa_Fvencimiento_lag1	0.00603849903610265	0.00534747270950847	0.0112418621360414
Visa_fechaalta_lag1	0.00596139305252682	0.00428358175203972	0.00906008218914017
Visa_fechaalta	0.00595802213620908	0.005315440593844	0.0101728775837444
mrentabilidad_annual_lag1	0.00592053977772642	0.00707640693050221	0.00948942844375126
ctrx_quarter_lag1	0.00576721279705552	0.00832967891081411	0.00856940075529892
mcuentas_saldo_delta1	0.00575719448676879	0.00812302230514921	0.00990125036143945
mcaja_ahorro_dolares_delta1	0.00568158469684026	0.00629042793500616	0.0062036152707072
Master_Fvencimiento_lag1	0.00567378940979886	0.00418725441248334	0.010514602153741
chomebanking_trx	0.00516627189724253	0.00429699369560088	0.00906008218914017
mcaja_ahorro_delta1	0.0051095158276866	0.00710453847562243	0.00805243281607332
Master_fechaalta_lag1	0.00497526807134404	0.00557179569673372	0.0100151585514383
mactivos_margen_lag1	0.00479173834175935	0.00663949707571272	0.0083065357014554
Visa_mpagominimo	0.00471251593507927	0.00679100349969522	0.00934047157990659
ctarjeta_visa_trx	0.00462919932014047	0.00711152536983807	0.0110841431037353
mactivos_margen_delta1	0.00460745308406832	0.0043382980102548	0.00751794053992482
mcomisiones_mantenimiento	0.00459673614016878	0.00703964868100244	0.00460890061072314
mprestamos_personales_lag1	0.00456756751737406	0.00267915978639751	0.001515855143831
mcuenta_corriente_delta1	0.004558843987374	0.00810845761617953	0.00845549256530006
Visa_mfinanciacion_limite	0.00448860250713483	0.00503218208305558	0.00670305887300989
ccaja_ahorro	0.00448116921740217	0.00416144907945941	0.00295285077150893
mrentabilidad_delta1	0.00443871692469297	0.00415976606810447	0.00776328125684544
cliente_antiguedad_lag1	0.00427776468492668	0.00492421060796705	0.00840291955453136
Visa_mpagospesos_lag1	0.00420456676878781	0.00512521282765686	0.00823643835376379
Master_mfinanciacion_limite	0.0041879248204488	0.00591727791518906	0.00781585426761415
mcuentas_saldo_lag1	0.0041675044138904	0.00616767155956717	0.00772823258299964
mtransferencias_recibidas	0.00414959921779012	0.00475000757808149	0.00703602127454503
cliente_antiguedad	0.00402153614802539	0.00352384537737547	0.00840291955453136
Visa_fultimo_cierre	0.00396672167094662	0.00417224769504413	0.00713240512762098
chomebanking_trx_delta1	0.00378170637382013	0.00680701684311634	0.00736022150761871
Visa_mpagominimo_lag1	0.00372126971671786	0.00519723578884368	0.00714992946454389
mrentabilidad_lag1	0.00371743375785176	0.00328800273521803	0.00706230777992938
Visa_mpagospesos_delta1	0.00348889431940166	0.00521734460517349	0.00766689740376949
cproductos	0.00342389592508144	0.00731789814750108	0.00722002681223549
mcomisiones_otras	0.00337818545925932	0.00306940096200496	0.00544130661456097
mtransferencias_recibidas_lag1	0.00335737325662256	0.00619988106773282	0.0067906805576244
mcaja_ahorro_dolares_lag1	0.00323420266192379	0.00390196299892387	0.00587065286917206
Master_mfinanciacion_limite_lag1	0.00322423737644506	0.00534556994554647	0.00607218274378543
chomebanking_trx_lag1	0.00320013921471975	0.00319859928495445	0.00689582657916181
ccomisiones_mantenimiento_delta1	0.00313451908513876	0.0052899667248255	0.0015333794807539
Visa_cconsumos_lag1	0.00312536511071867	0.00447856937192985	0.00599332322763237
mpasivos_margen_lag1	0.0030408123710258	0.00476560993672078	0.00641390731378202
Visa_mpagospesos	0.00303143257339117	0.00476573885213328	0.00651905333531942
mpasivos_margen_delta1	0.00298445483284871	0.00369482628657151	0.00647524249301217
Visa_Finiciomora	0.00296901034893562	0.00562516583642153	0.00127051442691037
Visa_mconsumospesos_lag1	0.00295056885650867	0.00321417725212483	0.00601960973301673
ccomisiones_mantenimiento	0.00294061238450362	0.00321218571544996	0.00132308743767908
Master_fultimo_cierre	0.0029060746384623	0.00294881022786378	0.00603713406993963
mcaja_ahorro_dolares	0.00288869395148877	0.00490359331744204	0.00565159865763579
thomebanking	0.00285632327987006	0.0019928003670627	0.0015859524915226
Master_fultimo_cierre_lag1	0.00282769378719047	0.00431431852013416	0.00641390731378202
mtarjeta_visa_consumo_lag1	0.00279494514419355	0.00474204609558136	0.00330333750996697
Visa_mconsumospesos	0.00269399423496695	0.00248341626035797	0.00605465840686253
Visa_mpagominimo_delta1	0.00266165096256262	0.00296008910306053	0.00491557650687392
Visa_mfinanciacion_limite_lag1	0.0025994994605911	0.00247246846685522	0.00491557650687392
mcomisiones	0.00259219944476271	0.00293542940445262	0.00488052783302812
cmobile_app_trx	0.00257185348000857	0.00320237422796447	0.005169679392256
Visa_msaldopesos	0.00249485277191879	0.00269438457427352	0.00500319819148843
mcuenta_debitos_automaticos	0.00247088198661016	0.00658423808819878	0.00382030544919257
ccomisiones_otras	0.00244017440406805	0.00475868444171999	0.00431098688303381
mautoservicio	0.00235995280333945	0.00471003852431037	0.00409193267149754
Visa_mconsumospesos_delta1	0.00235743872510567	0.00324342713462534	0.00524853890840905
mtarjeta_visa_debitos_automaticos_lag1	0.00233899631655542	0.00423876804789157	0.00433727338841817
mtransferencias_emitidas	0.0023092538296468	0.00854773734303003	0.00564283648917434
mcomisiones_lag1	0.00230153010137975	0.0017696371597762	0.0041707921876506
Visa_msaldototal	0.00223398299138277	0.00227236919028887	0.00404812182919029
Visa_cconsumos	0.00221482136755375	0.00316455353501474	0.00466147362149185
mpayroll_lag1	0.00218671626690587	0.00590581912423573	0.00419707869303495
Visa_mlimitecompra_lag1	0.00217790687580311	0.00328205924534339	0.00377649460688531
Visa_mlimitecompra	0.00217334787015029	0.00306281060119929	0.00361001340611775
mcomisiones_mantenimiento_lag1	0.00215351973457488	0.00537938623216893	0.00401307315534448
mtransferencias_recibidas_delta1	0.00207698382760081	0.00379818876804535	0.00476661964302926
ccomisiones_otras_lag1	0.00207466409896585	0.00386925472727322	0.00410069483995899
mtransferencias_emitidas_delta1	0.00204708835823402	0.0032325501451985	0.00385535412303837
mtarjeta_visa_debitos_automaticos	0.00202602911879948	0.00288194579473388	0.0041357435138048
Visa_mconsumosdolares_lag1	0.00199463140491751	0.00300357939798006	0.00455632759995444
mcomisiones_otras_lag1	0.00198097356954424	0.00143681724863996	0.00385535412303837
tcallcenter	0.00196686045443025	0.000872742661832599	0.000920027688452338
mpayroll_delta1	0.00196336620128232	0.00853881778809897	0.00460013844226169
cmobile_app_trx_lag1	0.00196231115154992	0.00358919165183687	0.00445118157841703
Master_mlimitecompra	0.00194330398163357	0.00230035622169046	0.00351362955304179
Visa_mconsumosdolares	0.00190446662662238	0.00267501943012753	0.00381154328073112
ccallcenter_trx_delta1	0.0018947582792193	0.00278702130872024	0.00132308743767908
mtransferencias_emitidas_lag1	0.00188192729887938	0.00322857318883154	0.0046702357899533
Visa_msaldopesos_delta1	0.00185846918449879	0.00244300946000527	0.003653824248425
Master_mlimitecompra_lag1	0.0018171617010627	0.00201822132417999	0.00329457534150552
mcomisiones_delta1	0.00177606393522459	0.00257621348914088	0.0036187755745792
mtarjeta_visa_debitos_automaticos_delta1	0.00177409504961009	0.00483292473270927	0.00325952666765971
Visa_msaldototal_lag1	0.00177115029774112	0.00158737148778747	0.00330333750996697
Visa_msaldopesos_lag1	0.00176191961619635	0.00302456011374563	0.00348734304765743
mcomisiones_otras_delta1	0.00176041387415678	0.00237806690640863	0.00353115388996469
ccaja_ahorro_delta1	0.00175133131189009	0.00589322708575653	0.000587065286917206
mpagomiscuentas	0.00173023199815855	0.00351346164614911	0.00276884523381847
cprestamos_personales	0.00172855468232303	0.00248631785114881	0.000963838530759592
ccallcenter_trx	0.00170686641855068	0.00728163567945719	0.00283894258151007
ctransferencias_recibidas_lag1	0.00167918946901478	0.00289089409948411	0.00375020810150096
cproductos_lag1	0.00165280253189152	0.00227557441281342	0.00358372690073339
Visa_msaldototal_delta1	0.00161816666006843	0.00284499524258736	0.00370639725919371
Visa_cconsumos_delta1	0.00158801431110509	0.00312223273074415	0.00327705100458261
Visa_Finiciomora_lag1	0.00155846721751803	0.00493168793127861	0.0010514602153741
ctarjeta_visa_trx_lag1	0.00155564174292098	0.00483227220356916	0.0036713485853479
ctransferencias_recibidas	0.00153015710385798	0.00270440671535416	0.00287399125535588
mtarjeta_master_consumo	0.00146798124467194	0.00214985351812304	0.00125299008998747
Master_mpagominimo_lag1	0.00144115862991966	0.00161717962143069	0.00188386621921193
internet	0.00134267747138394	0.00347282293568603	0.0020328230830566
ctarjeta_visa_debitos_automaticos_lag1	0.00133685867687887	0.00313594861188814	0.00250598017997494
Master_mpagospesos_lag1	0.00133187734327993	0.003195973875937	0.00304923462458489
mtarjeta_visa_consumo_delta1	0.00133184682469208	0.00404441858223198	0.00307552112996925
ccaja_seguridad_lag1	0.00133137608606585	0.000696559488152625	0.000359248906919484
ctarjeta_debito	0.00129202875450478	0.00169419289364746	0.00240959632689898
Visa_mconsumosdolares_delta1	0.00128948704849069	0.0019997253268275	0.00268998571766541
mpagomiscuentas_lag1	0.00127560451659139	0.00413761265027399	0.00277760740227992
ctransferencias_emitidas	0.0012550971929758	0.00545142731491729	0.0031018076353536
mcuenta_debitos_automaticos_lag1	0.00124991149476201	0.0027350879718297	0.00266369921228106
Master_fultimo_cierre_delta1	0.00123007968144982	0.00151743525882034	0.00235702331613028
cmobile_app_trx_delta1	0.00120049580320367	0.00222763034271772	0.00274255872843411
mautoservicio_lag1	0.0011827499489542	0.00274263632860402	0.00307552112996925
mcomisiones_mantenimiento_delta1	0.00112927699010159	0.00789911619030173	0.00167357417613711
mautoservicio_delta1	0.0011191361843809	0.00496986302691927	0.00297913727689329
Master_msaldopesos	0.00109706253697528	0.00303943455143181	0.00193643922998064
ctarjeta_debito_lag1	0.00108952583554288	0.00183478295012635	0.0020503474199795
Visa_fultimo_cierre_delta1	0.00108182498456974	0.00270686872446859	0.00239207198997608
ctarjeta_master	0.00107843773676342	0.000580069579280082	0.000385535412303837
Master_mpagominimo	0.00106851861531919	0.00376881937499341	0.00227816379997722
Master_msaldototal	0.00104826390359445	0.00247101377188327	0.0025673153592051
ctransferencias_emitidas_lag1	0.00103143647755885	0.00372094649128504	0.00234826114766883
cplazo_fijo	0.00102779998360178	0.00254918445370794	0.000403059749226739
ctarjeta_debito_trx	0.00101359080919523	0.00152796426838819	0.00268122354920396
ccomisiones_otras_delta1	0.000999062952180273	0.00138505075245527	0.00196272573536499
Master_status_lag1	0.000997241792281687	0.00235845975913064	0.00041182191768819
Master_mpagospesos	0.000995044863795045	0.00373054243158914	0.00326828883612116
ctarjeta_debito_trx_lag1	0.000956996425637563	0.00464703000775029	0.00294408860304748
Master_mpagospesos_delta1	0.000954766109655331	0.00513094963997517	0.00215549344151691
mdescubierto_preacordado_lag1	0.000924774534748165	0.000946081538944115	0.0010164115415283
ccaja_seguridad	0.000918101152029595	0.00289313887924688	0.000604589623840108
ctransferencias_emitidas_delta1	0.000890969376609641	0.00269152954901424	0.00176995802921307
internet_lag1	0.000874133481058582	0.0030608308397163	0.00190139055613483
ctarjeta_debito_trx_delta1	0.00083402874067235	0.00329641121623622	0.00200653657767224
Master_msaldototal_lag1	0.000821349260226353	0.00161307856677519	0.00186634188228903
Visa_mpagado	0.000775451547211018	0.0027167020037053	0.00169986068152146
ctarjeta_visa_trx_delta1	0.000759222737651073	0.00134367203999805	0.00182253103998177
ccomisiones_mantenimiento_lag1	0.000750784431078686	0.00141972395190563	0.00122670358460312
Master_mconsumospesos_lag1	0.00074983335784674	0.0020371182132927	0.00171738501844436
ctarjeta_visa_debitos_automaticos	0.000742847571310301	0.00167543807146027	0.00168233634459856
mextraccion_autoservicio_delta1	0.000729143392415545	0.00302710477859014	0.00175243369229017
ctransferencias_recibidas_delta1	0.000723652840194185	0.00232579537683158	0.00184005537690468
ccaja_ahorro_lag1	0.00071297086211237	0.00124321864261898	0.0010164115415283
ccajas_consultas_delta1	0.000712493023943541	0.00391081618459157	0.000736022150761871
Master_mconsumospesos	0.000698661260942676	0.0015166499146912	0.00181376887152032
mextraccion_autoservicio_lag1	0.000660324927025647	0.00110355202115593	0.00207663392536385
mextraccion_autoservicio	0.000657483949441351	0.00172368294418512	0.00155966598613825
Master_msaldopesos_lag1	0.000641699451258955	0.000880020265655769	0.00134061177460198
mcuenta_debitos_automaticos_delta1	0.000635432898036636	0.00314870772046004	0.00167357417613711
ccuenta_debitos_automaticos_lag1	0.000635074288053303	0.00301102774208562	0.00139318478537068
matm_lag1	0.000630930497347763	0.00177171196387944	0.00169109851306001
Master_mfinanciacion_limite_delta1	0.000630074795597475	0.0044546908120254	0.00115660623691151
ccuenta_debitos_automaticos	0.000619751493369729	0.00236758950888315	0.00137566044844778
Master_msaldototal_delta1	0.00059338106518675	0.00268710582351608	0.00124422792152602
mprestamos_prendarios	0.000585618630732334	0.00623616104563998	0.000639638297685911
ctarjeta_visa_debitos_automaticos_delta1	0.000579109811806847	0.00154968338043992	0.000779832993069125
cprestamos_personales_lag1	0.000574036607692386	0.00179105286948109	0.000683449139993166
cpagomiscuentas_lag1	0.000551369404283237	0.00120000101220773	0.00138442261690923
cextraccion_autoservicio	0.000545708290260444	0.00117435785569026	0.00112155756306571
thomebanking_lag1	0.000521368054352327	0.000517907270828003	0.000876216846145084
Visa_mpagado_delta1	0.000517087253494734	0.001424290738339	0.000928789856913789
Master_mpagominimo_delta1	0.00051498640472497	0.00323496405953567	0.00120917924768022
mplazo_fijo_dolares	0.00051365751280435	0.0028035627006815	0.000481919265379796
Master_mconsumospesos_delta1	0.000504672163450216	0.00160231512384156	0.00117413057383441
ccajas_trx_delta1	0.000499325600589478	0.00157333484735794	0.000569540949994305
cextraccion_autoservicio_lag1	0.000490970328164107	0.00298457079746899	0.00119165491075731
mtarjeta_master_consumo_lag1	0.000488692551782253	0.00133828588371871	0.000630876129224461
Master_cconsumos_lag1	0.000487557958346834	0.000922681327094573	0.00107774672075845
mplazo_fijo_dolares_delta1	0.00048543738010699	0.00383494839386625	0.00062211396076301
matm	0.000480158306441101	0.00100080001456545	0.00131432526921763
cpagomiscuentas	0.000478302290426053	0.00201853627233187	0.00136689827998633
mpagomiscuentas_delta1	0.00047767679090501	0.00150634478669381	0.00134937394306343
cpayroll_trx_lag1	0.000477623357820671	0.000604619860358175	0.000534492276148501
Master_cconsumos	0.00046737117823104	0.00161598589223741	0.00112155756306571
tpaquete7	0.000461712505491083	0.00122239322175423	0.000236578548459173
ccallcenter_trx_lag1	0.000461361949276036	0.00309375725826603	0.000884979014606535
matm_delta1	0.000429365995557438	0.00117894995113997	0.0010514602153741
thomebanking_delta1	0.000417856937910692	0.00104372005376352	0.000779832993069125
Visa_msaldodolares_lag1	0.000415625863895908	0.00141030433363071	0.00133184960614053
Visa_mpagosdolares	0.000408259626554723	0.000842276952538453	0.0010339358784512
mcaja_ahorro_adicional_lag1	0.00040275879833937	0.00544044366060289	0.000893741183067986
ccajas_otras_delta1	0.000397473073947742	0.00113023781739154	0.000184005537690468
Master_msaldopesos_delta1	0.000385208053076377	0.00146694637095557	0.000867454677683633
Visa_status_lag1	0.000384248509220074	0.000499769116969265	0.000192767706151918
tmobile_app	0.000372096081915001	0.000237168956952895	0.000884979014606535
Visa_mpagosdolares_lag1	0.000364845431176185	0.000740310366539408	0.00093755202537524
tcuentas_lag1	0.000347695225334695	0.00438212703309684	0.000595827455378657
catm_trx_lag1	0.000336804770152692	0.00203856923807497	0.000884979014606535
mttarjeta_master_debitos_automaticos	0.000334604406056744	0.00273328239143192	0.000665924803070264
Visa_mconsumototal_lag1	0.000325792999879254	0.000311723813782624	0.000674686971531715
mttarjeta_master_debitos_automaticos_lag1	0.00031839195618843	0.00160776650245001	0.000762308656146223
ctarjeta_master_trx	0.000315678177685243	0.00265951823109128	0.000876216846145084
Visa_mfinanciacion_limite_delta1	0.000309572420642005	0.000464964325926443	0.000587065286917206
Master_Fvencimiento_delta1	0.00030469619634286	0.000243525113779636	0.000674686971531715
Visa_Fvencimiento_delta1	0.000297873637485142	0.000206632672969702	0.000613351792301559
Master_cconsumos_delta1	0.00029444347868513	0.000879781091628317	0.000674686971531715
Visa_mconsumototal	0.000293553109627266	0.000294954793598937	0.000788595161530576
catm_trx	0.000291601427952282	0.00198726434470478	0.000718497813838969
cextraccion_autoservicio_delta1	0.000290878302034174	0.000624126383269114	0.000683449139993166
tcallcenter_lag1	0.000285914360777239	0.000791328296954032	0.000394297580765288
ctarjeta_master_trx_lag1	0.00028059951919583	0.000436822076086322	0.000446870591533993
Visa_mlimitecompra_delta1	0.00027775275988472	0.000284199302742946	0.000473157096918345
mforex_sell_lag1	0.000276915387548991	0.000407936154062378	0.000604589623840108
Master_fechaalta_delta1	0.000273086155015635	0.000183211663378643	0.000779832993069125
mplazo_fijo_dolares_lag1	0.000266347260437962	0.00312632009865063	0.000657162634608813
ccuenta_debitos_automaticos_delta1	0.000258821390216643	0.00230545564440109	0.000438108423072542
mcaja_ahorro_adicional	0.000258479237010883	0.00133557223722438	0.000341724569996583
Visa_fechaalta_delta1	0.000257931037802479	0.000212523250943133	0.000455632759995444
Visa_msaldodolares	0.000257734945133892	0.000874594807761939	0.000578303118455755
ccajas_extracciones	0.000256439868880194	0.00252728626698477	0.000613351792301559
Visa_mpagado_lag1	0.000252273171196649	0.00155396977967424	0.000692211308454616
Master_mlimitecompra_delta1	0.00025145119358832	0.00149393052302722	0.000587065286917206
mforex_sell	0.000247251755070194	0.000961204479056513	0.000604589623840108
tmobile_app_lag1	0.000246754238610958	0.000130112658953416	0.000578303118455755
cpagomiscuentas_delta1	0.000243032596004731	0.00118771910475646	0.000665924803070264
minversion1_pesos	0.000240239984784132	0.00292573046945063	0.000254102885382074
matm_other	0.000225249431044263	0.00121982676515851	0.000552016613071403
matm_other_lag1	0.000224145195087668	0.0010865315165169	0.000560778781532854
cseguro_accidentes_personales	0.000223576141326884	0.000327732798853499	0.00041182191768819
mtarjeta_master_consumo_delta1	0.000220324509843262	0.00201936848784171	0.000578303118455755
Visa_delinquency	0.000219850028577397	0.000216719959917155	0.000166481200767566
cprestamos_personales_delta1	0.000213491743653425	0.00213433159780755	0.000306675896150779
matm_other_delta1	0.000212037770642287	0.00113206733048452	0.000630876129224461
ccajas_otras	0.000210534564373417	0.00104311837204293	0.00021029204307482
Visa_mconsumototal_delta1	0.000206312235890133	0.000192626693916454	0.000508205770764149
Visa_msaldodolares_delta1	0.000198623503907276	0.00186969295327332	0.000709735645377518
tcallcenter_delta1	0.000188163461127462	0.000430547045743956	0.000324200233073681
ctarjeta_master_trx_delta1	0.00018265468509687	0.000959581719982147	0.000403059749226739
cseguro_accidentes_personales_lag1	0.000182101713625571	0.000329896987367888	0.000368011075380935
mttarjeta_master_debitos_automaticos_delta1	0.000180804102334251	0.00184190411211443	0.000455632759995444
minversion2	0.000179720186464796	0.00351912658391953	0.000332962401535132
mforex_sell_delta1	0.000179547226515512	0.000792726792146519	0.000385535412303837
Master_Finiciomora	0.000161492083199202	0.0007322891669947	0.000148956863844664
cseguro_vida_lag1	0.000160036753130074	0.00162655038030549	0.000368011075380935
ccajas_trx_lag1	0.000159626758925008	0.00136839581400079	0.0010865088892199
tpaquete9	0.00015831174286067	0.000392951457761243	0.000227816379997722
active_quarter_lag1	0.000156349065088561	0.000133075496034537	0.000280389390766427
cseguro_vivienda	0.000154691909818073	0.000400048457667264	0.000262865053843525
ctarjeta_debito_delta1	0.00015434977097182	0.00262647115505584	0.000280389390766427
tmobile_app_delta1	0.000150852211474654	0.000437773878609892	0.00031543806461223
mprestamos_hipotecarios	0.000148184886844892	0.000929282851393851	7.00973476916067e-05
cpayroll_trx_delta1	0.000146751571675954	0.000326494568610353	0.000385535412303837
Master_mconsumosdolares_lag1	0.00014618574724644	0.00019528398770675	0.000332962401535132
cforex_buy_delta1	0.000143477126994796	0.00177660616181715	0.000157719032306115
ctarjeta_visa_delta1	0.000143469211252549	0.00208032659176747	0.000254102885382074
minversion2_lag1	0.000142249282334748	0.00336548938544118	0.000341724569996583
mcheques_emitidos_delta1	0.000140383948214986	0.00200657130105189	0.000297913727689329
Master_delinquency	0.000132898860291035	8.27644594446558e-05	9.63838530759592e-05
Visa_delinquency_lag1	0.000132267260758806	0.000190999347104988	8.76216846145084e-05
internet_delta1	0.00012880679879932	0.000147874159596287	0.000245340716920624
ccajas_trx	0.0001261037153937	0.000297613004936653	0.000324200233073681
mcheques_depositados	0.000124981741445242	0.00107872158226563	0.000385535412303837
catm_trx_delta1	0.000124769304330023	0.000476673913174553	0.000350486738458034
mprestamos_prendarios_lag1	0.000123172472447714	0.000997167214943241	0.000175243369229017
mcaja_ahorro_adicional_delta1	0.000120690491067184	0.00224590284081119	0.000332962401535132
mprestamos_hipotecarios_lag1	0.000119539862284359	0.00188426437092408	0.000157719032306115
catm_trx_other	0.000119397010293486	0.00140612628145423	0.000254102885382074
ccheques_depositados_delta1	0.000116995787493583	0.0023213676752946	0.000219054211536271
catm_trx_other_lag1	0.000112034644961566	0.00103924830995039	0.000236578548459173
Master_mconsumosdolares_delta1	0.000111523555439958	0.000255704255919876	0.000289151559227878
Visa_status_delta1	0.000109544397468612	0.000401817871404243	0.000280389390766427
ccajas_depositos_lag1	0.000105227059633098	0.000567654474528359	0.000192767706151918
Visa_mpagosdolares_delta1	0.000104304187172981	0.00095313877846194	0.000700973476916067
cliente_edad_delta1	0.000103930514252229	0.000213722867732358	0.000219054211536271
cseguro_vida	0.000103586606828173	0.000353243216844226	0.000166481200767566
mtarjeta_visa_descuentos_delta1	9.6210194728605e-05	0.000701974394251126	0.000245340716920624
Master_delinquency_lag1	9.54544268512872e-05	0.000312649083893302	8.76216846145084e-05
cseguro_vivienda_lag1	9.47692178626242e-05	0.000364027381057088	0.00021029204307482
Master_mpagado_delta1	9.38850359619456e-05	0.000541577776854988	0.000219054211536271
mcheques_depositados_delta1	9.18251349119155e-05	0.00209179119385447	0.000254102885382074
minversion1_pesos_delta1	8.87371457973692e-05	0.000105945148073988	0.000157719032306115
ccajas_consultas	8.63265838557884e-05	0.000723049235089518	0.000184005537690468
Master_mpagado	8.60770878864808e-05	0.000364645425706672	0.00021029204307482
Master_mpagado_lag1	8.59758469399445e-05	0.000540618710414345	0.000192767706151918
Master_mconsumosdolares	8.11765298392886e-05	0.000124673361386003	0.000219054211536271
cprestamos_hipotecarios	7.99324325373043e-05	0.000685452806021671	5.2573010768705e-05
ccajas_extracciones_delta1	7.36965952155493e-05	0.000674512811671996	0.000175243369229017
ccajas_extracciones_lag1	7.20195433221046e-05	0.000472876490252754	0.000201529874613369
ctarjeta_master_debitos_automaticos	6.87926973543397e-05	0.000318268908915579	0.000157719032306115
catm_trx_other_delta1	6.78167160939018e-05	7.70600671351784e-05	0.00010514602153741
ccheques_emitidos	6.78058075678109e-05	0.00108358412481735	0.000131432526921763
Master_msaldodolares	6.68575738504639e-05	0.0019816154640142	0.000184005537690468
active_quarter	6.61596598126023e-05	3.51070464553918e-05	0.000122670358460312
Master_msaldodolares_lag1	6.3839938536648e-05	0.000735015735615198	0.000131432526921763
minversion1_pesos_lag1	6.31158741163419e-05	0.0013926393283915	0.000166481200767566
ctarjeta_master_debitos_automaticos_lag1	6.10867891252485e-05	0.00016351635508606	0.000157719032306115
tpaquete9_lag1	6.08282040662729e-05	0.000469826333242173	0.000122670358460312
mprestamos_hipotecarios_delta1	5.87519324670694e-05	1.59919339813223e-05	8.76216846145084e-05
mtarjeta_visa_descuentos_lag1	5.51235888798902e-05	0.000132683932673097	0.000113908189998861
Master_mconsumototal	5.41319827429226e-05	8.00355969556078e-05	0.000140194695383213
ccajas_depositos	5.39158732748123e-05	0.000537238618644028	0.000113908189998861
cforex	5.35135004011626e-05	7.82594545375491e-05	0.000122670358460312
mprestamos_prendarios_delta1	5.08758597131289e-05	0.00217586078804163	0.000201529874613369
cforex_sell_lag1	4.94826140448083e-05	0.00116308746780714	0.000131432526921763
Master_mpagosdolares	4.46294297147646e-05	3.36149614260752e-05	0.000122670358460312
ctarjeta_visa_lag1	4.11929253488893e-05	0.00143312511428459	0.000219054211536271
active_quarter_delta1	4.08740299354311e-05	0.000136913902741091	6.13351792301559e-05
ccajas_consultas_lag1	4.03821371900128e-05	0.000345068633955826	0.000148956863844664
cforex_buy	3.93510602188061e-05	0.00062098057194001	6.13351792301559e-05
cforex_delta1	3.92919732555722e-05	0.000153769478231388	7.88595161530576e-05
tpaquete7_lag1	3.84861652199365e-05	0.000924716447271897	0.000254102885382074
cprestamos_hipotecarios_lag1	3.59112398225847e-05	0.00145177044247968	0.000113908189998861
Master_mconsumototal_lag1	3.46079138198232e-05	0.000111333827608737	8.76216846145084e-05
Master_mconsumototal_delta1	3.35905214936138e-05	0.000220839212596482	0.000122670358460312
cinversion2	3.28744619556865e-05	0.00127662944974413	0.000131432526921763
Master_msaldodolares_delta1	3.00448180267072e-05	0.0012754125524785	0.000131432526921763
ctarjeta_master_lag1	2.92223418897494e-05	0.000256991727874557	6.13351792301559e-05
mforex_buy_delta1	2.60676922449498e-05	0.00106541332156292	8.76216846145084e-05
cplazo_fijo_lag1	2.48847288888562e-05	0.000130555222658944	3.50486738458034e-05
cforex_sell	2.33774623696713e-05	5.2382858664e-05	4.38108423072542e-05
mtarjeta_visa_descuentos	2.27402427116623e-05	0.000172414882888757	8.76216846145084e-05
Visa_delinquency_delta1	2.25439583257141e-05	0.000167877687359669	7.00973476916067e-05
ccheques_depositados_lag1	2.22059498482032e-05	0.000386341599072901	3.50486738458034e-05
Master_mpagosdolares_lag1	2.21215709023398e-05	0.000352039241704756	0.000113908189998861
ctarjeta_visa_descuentos_delta1	2.1842600837402e-05	0.000440411674517515	7.00973476916067e-05
ccheques_emitidos_lag1	2.05061959855479e-05	0.000494592620275367	6.13351792301559e-05
Master_mpagosdolares_delta1	1.84521046673002e-05	2.17695771598212e-05	6.13351792301559e-05
minversion2_delta1	1.79012667311989e-05	0.000158797485167834	4.38108423072542e-05
mtarjeta_master_descuentos_delta1	1.49906884802483e-05	0.000113111881583921	6.13351792301559e-05
Master_status_delta1	1.46748855424148e-05	0.000194541156608061	0.000201529874613369
ccheques_depositados	1.33913807678269e-05	0.000346471334573988	6.13351792301559e-05
ctarjeta_master_debitos_automaticos_delta1	1.26124255326816e-05	0.000134234358425862	5.2573010768705e-05
mtarjeta_master_descuentos_lag1	1.21910855922552e-05	6.17601932953107e-05	2.62865053843525e-05
cforex_lag1	1.21718792595765e-05	0.000715233489704581	9.63838530759592e-05
ctarjeta_visa_descuentos_lag1	1.18276281014072e-05	0.000239458390690099	3.50486738458034e-05
cseguro_auto_lag1	1.12547082029969e-05	0.000128367789609918	2.62865053843525e-05
cseguro_auto	9.50808215701625e-06	9.11555070618661e-05	1.75243369229017e-05
mforex_buy	9.39470877064074e-06	0.000454742388895121	3.50486738458034e-05
mtarjeta_master_descuentos	8.69227525045801e-06	0.000185125284985115	2.62865053843525e-05
mcheques_depositados_lag1	7.77004671288076e-06	0.000337963376123026	6.13351792301559e-05
Master_delinquency_delta1	7.1344091625364e-06	0.000155886795365077	1.75243369229017e-05
cprestamos_prendarios_lag1	6.64534773315739e-06	0.000150732625658395	2.62865053843525e-05
mcajeros_propios_descuentos_lag1	6.54246279925113e-06	2.89236179304451e-05	1.75243369229017e-05
tpaquete7_delta1	6.42460881097709e-06	0.000257352935708855	3.50486738458034e-05
cforex_sell_delta1	6.14659857939748e-06	2.60074993054539e-05	3.50486738458034e-05
mcheques_emitidos_lag1	5.27080568007137e-06	0.000274637311693382	2.62865053843525e-05
Visa_cadelantosefectivo_lag1	5.07869797091509e-06	2.98998119229267e-06	8.76216846145084e-06
cplazo_fijo_delta1	4.63457204510626e-06	4.76321039729319e-05	1.75243369229017e-05
ccajas_otras_lag1	4.4962635562798e-06	7.19646969256553e-05	1.75243369229017e-05
cinversion1_lag1	4.46342115334156e-06	2.93479836121458e-05	8.76216846145084e-06
Visa_madelantopesos	4.40854785994367e-06	1.67737608453565e-05	6.13351792301559e-05
Master_madelantopesos	4.21633712190667e-06	1.29898717480011e-05	7.88595161530576e-05
ctarjeta_visa_descuentos	4.1719336170485e-06	2.85916186890137e-05	1.75243369229017e-05
ccajas_depositos_delta1	3.95277778829819e-06	1.40705896840655e-05	8.76216846145084e-06
ccajeros_propios_descuentos_lag1	3.9399945656085e-06	1.58452793187094e-05	1.75243369229017e-05
cpagodeservicios_lag1	3.38004303039045e-06	0.000141354679328805	1.75243369229017e-05
mcheques_emitidos	2.63260918080889e-06	7.71041858736183e-05	8.76216846145084e-06
minversion1_dolares_delta1	1.98334812298303e-07	1.49177918017671e-05	8.76216846145084e-06
ctarjeta_master_delta1	1.61762720008532e-07	3.40440677694453e-06	8.76216846145084e-06
Visa_cadelantosefectivo	1.57801521680297e-10	9.18908448566256e-06	1.75243369229017e-05
Master_cadelantosefectivo	1.59098896753754e-13	1.73528097295942e-05	7.00973476916067e-05
Master_madelantopesos_delta1	7.06704740507884e-14	1.04148513763552e-05	4.38108423072542e-05
Master_madelantopesos_lag1	1.10189515860066e-14	3.43644447435581e-06	1.75243369229017e-05
Master_cadelantosefectivo_lag1	6.04170583381875e-15	1.65349691293292e-06	8.76216846145084e-06
