Feature	Gain	Cover	Frequency
ctrx_quarter	0.220670456516982	0.0168413591983284	0.0132435229525163
mtarjeta_visa_consumo	0.0354750176800346	0.0122873932004127	0.0159360802680279
mcuentas_saldo	0.0328851684999235	0.0125234222467077	0.0190847059236261
mcuenta_corriente	0.0263096925717911	0.00686018583027661	0.0103492431019664
mcaja_ahorro	0.0236623547969181	0.00705075142475313	0.0119542528372713
mdescubierto_preacordado	0.0208041773735483	0.00216338321165507	0.00164009191531162
foto_mes	0.0189616711670012	0.015826295861317	0.0160939500780579
cpayroll_trx	0.017129473919502	0.00807948589099371	0.00471855321089653
mpayroll	0.0170090028137481	0.0124652192771613	0.00543773790103317
mprestamos_personales	0.015901802389519	0.00791108764922735	0.00314862565559824
ctarjeta_visa	0.0158322418759463	0.000503910672083359	0.000570085425108316
mpasivos_margen	0.0113763183018738	0.00888464866118481	0.0107088354470347
mdescubierto_preacordado_delta1	0.0108309507116704	0.0043139694779997	0.0010436948551983
Master_status	0.0104029947581231	0.00194971360606919	0.000964759950183304
cproductos_delta1	0.00950733507679622	0.00401754787308145	0.00164886246031328
mactivos_margen	0.00903598168388198	0.00843225213641783	0.0129891771474679
mrentabilidad_annual_delta1	0.00848162864628207	0.00697286876443168	0.0135329509375713
ctrx_quarter_delta1	0.0082812209870499	0.00749108639843166	0.0123138451823396
numero_de_cliente	0.00827339447035582	0.00950463317117493	0.0158045220930029
cliente_edad_lag1	0.00818226658774429	0.0102243780328352	0.0144100054377379
mrentabilidad_annual	0.00789612476794157	0.00821488391923484	0.0112876914171447
Master_fechaalta	0.00789423241564309	0.00853652013273789	0.0118226946622463
cliente_edad	0.00756166947902993	0.00696286910060556	0.0126295848023996
Visa_status	0.00688912500849705	0.0010858869163088	0.000622708695118315
mprestamos_personales_delta1	0.00670900390078371	0.0103753065899001	0.0034731358206599
Visa_fechaalta_lag1	0.00660737609967659	0.00441287468632116	0.00972653440684804
Master_Fvencimiento	0.00632518059726441	0.00631083304098934	0.0109280990720763
Visa_Fvencimiento	0.00617458501371555	0.00816047828167035	0.011620972127208
Visa_Fvencimiento_lag1	0.00595572873314728	0.00506027409951431	0.0115244961321897
mcuenta_corriente_lag1	0.0058926924952939	0.00711806251593637	0.0102966198319564
mcaja_ahorro_dolares_delta1	0.00569109601207216	0.00549574959857359	0.00634110403620481
Master_Fvencimiento_lag1	0.00560672907601052	0.00438139274796257	0.0107176059920363
chomebanking_trx	0.00550510102864262	0.00468619518591984	0.00954235296181305
mcaja_ahorro_lag1	0.00546959627881621	0.0050294671455373	0.00909505516672806
mcuentas_saldo_delta1	0.00534113058616869	0.007570607847728	0.00985809258187304
mrentabilidad	0.00528883110936308	0.00475229028054303	0.00828816502657475
Visa_fechaalta	0.00519342291334114	0.00559120785198762	0.0102352260169447
Master_fechaalta_lag1	0.00511503213225902	0.00524153871967353	0.0101562911119297
mprestamos_personales_lag1	0.00500380054202222	0.00286207830265308	0.00164886246031328
mrentabilidad_annual_lag1	0.00490593413208554	0.00695502392697437	0.00891964426669473
mcaja_ahorro_delta1	0.00474112601853029	0.00687852197561333	0.00790226104650143
ccaja_ahorro	0.00462570972949573	0.00419146466847293	0.00289427985054991
mactivos_margen_delta1	0.00460906651829453	0.00491254642284229	0.00828816502657475
cproductos	0.00458682168713512	0.00689693497144325	0.00717430581136312
mcuenta_corriente_delta1	0.00455290022585477	0.0077548362205394	0.00814783630654809
ctarjeta_visa_trx	0.00454045308834892	0.00640115599915827	0.010647441632023
mcomisiones_mantenimiento	0.0044625486339335	0.00561868729431131	0.00455191285586486
Visa_mpagominimo	0.00438875047847842	0.00659617326359709	0.00867406900664807
Visa_mfinanciacion_limite	0.00432303448026668	0.00437271575376917	0.00647266221122981
mrentabilidad_delta1	0.0042836807522544	0.00416558685160205	0.0077268501464681
mactivos_margen_lag1	0.00420506961286159	0.00627855591031356	0.00756020979143644
cliente_antiguedad_lag1	0.00412092488928207	0.00493920666184892	0.00883193881667807
ctrx_quarter_lag1	0.004107315987381	0.00836579098874892	0.00842849374660141
mtransferencias_recibidas	0.00407292117013706	0.00543334439817813	0.00679717237629146
Visa_mpagospesos_lag1	0.00401394508721224	0.00432686820242104	0.00802504867652476
cliente_antiguedad	0.00388682964436826	0.00381466280043831	0.0079110315915031
Visa_mpagominimo_lag1	0.00384817912418688	0.00580380996216547	0.00742865161641144
mcuentas_saldo_lag1	0.00378979752443936	0.00683962094416894	0.00748127488642144
chomebanking_trx_delta1	0.00373987208981777	0.00657338904230122	0.00709537090634812
Visa_msaldototal	0.00371643198092933	0.00252224756283163	0.0043589608658282
Visa_fultimo_cierre	0.00367714806026471	0.00389245943408827	0.00654282657124314
Master_mfinanciacion_limite	0.00364668113694527	0.00412897910004926	0.0068147134662948
mcomisiones	0.0036251116110501	0.00345860735390524	0.00536757354101984
Visa_mpagospesos_delta1	0.00362101052734038	0.00484195469498316	0.00781455559648477
mrentabilidad_lag1	0.00359237980041435	0.0029390267515562	0.00706905927134312
mcaja_ahorro_dolares_lag1	0.00358266833114154	0.00415077902328695	0.00641126839621814
ccomisiones_mantenimiento_delta1	0.00352163604393642	0.00458486050792729	0.00135066393025663
mtransferencias_recibidas_lag1	0.00338858049947493	0.00590667293265264	0.00684102510129979
Master_mfinanciacion_limite_lag1	0.00336889216171549	0.005526514112726	0.00610429932115982
Visa_cconsumos_lag1	0.00332670173725688	0.00461845946708611	0.00611306986616148
mcomisiones_otras	0.00317037659562234	0.00279465663852141	0.00557806662105983
chomebanking_trx_lag1	0.00314297583229242	0.00297257868280128	0.00656036766124647
Visa_mpagospesos	0.0031291970015498	0.00527774111355025	0.00712168254135312
Visa_mconsumospesos	0.00310993353625581	0.00364289812472903	0.0065779087512498
mpasivos_margen_lag1	0.00305276341744985	0.00420340218821813	0.00630602185619814
Master_fultimo_cierre_lag1	0.00299322360304494	0.00426855045417783	0.00633233349120314
Visa_mfinanciacion_limite_lag1	0.00298114745147376	0.00287638075294872	0.0054289673560315
thomebanking	0.00291228920071918	0.00176546879260502	0.00153484537529162
Visa_msaldopesos	0.00283705574517894	0.0037822326569895	0.00544650844603484
Visa_Finiciomora	0.00279924828805007	0.00553656676898176	0.00121033521022996
Visa_mconsumospesos_lag1	0.00279801209498671	0.00234581427701157	0.00560437825606483
Master_fultimo_cierre	0.00276665205548439	0.00307342235878703	0.00585872406111316
Visa_mpagominimo_delta1	0.0027651754422336	0.00316511960259156	0.00512199828097318
mpasivos_margen_delta1	0.00271560884009301	0.00354221166726469	0.00577978915609816
ccomisiones_mantenimiento	0.00255721341909055	0.00329218374923927	0.00121910575523163
mcuenta_debitos_automaticos	0.00253953623944893	0.00753984211008515	0.00398182743075655
mpayroll_lag1	0.00253254770097479	0.00577639964705158	0.0043589608658282
Visa_fultimo_cierre_lag1	0.002509834998714	0.00263810667816635	0.00560437825606483
ccomisiones_otras	0.00250368136638677	0.00489645752356941	0.00449928958585486
Visa_mconsumosdolares_lag1	0.00249211008726546	0.00352838767819885	0.00518339209598485
mcaja_ahorro_dolares	0.00248011852574437	0.00533807754454966	0.00513076882597485
mtarjeta_visa_debitos_automaticos_lag1	0.00247463107266026	0.00442561917447903	0.00477994702590819
Visa_mconsumospesos_delta1	0.00243484060211497	0.00317147074146042	0.00552544335104983
mtransferencias_emitidas	0.00229818257611104	0.00787284302040348	0.00691118946131313
ccomisiones_otras_lag1	0.002249899037932	0.00435130153589237	0.00415723833078988
Visa_msaldototal_lag1	0.00224630967129191	0.00159354208088073	0.00289427985054991
mcomisiones_lag1	0.00222228345303866	0.00139527086715122	0.00417477942079321
mcomisiones_mantenimiento_lag1	0.00221278221316144	0.00771609538987437	0.00402568015576488
Visa_mlimitecompra_lag1	0.00219602876234058	0.00346372682024279	0.00388535143573822
mtransferencias_emitidas_lag1	0.00218566142334038	0.00348503887666793	0.00555175498605483
Visa_mlimitecompra	0.0021785487489908	0.00225954948369252	0.00356961181567823
tcallcenter	0.00214262431047904	0.000744904719047938	0.000964759950183304
Visa_Finiciomora_lag1	0.00212612274389831	0.00412864998112117	0.00087705450016664
Visa_cconsumos	0.00211977367991977	0.00280222239752359	0.00424494378080654
mtransferencias_recibidas_delta1	0.0020945009765402	0.00380096567203737	0.00478871757090986
cmobile_app_trx	0.00209068222362661	0.00261999014936343	0.00440281359083653
cmobile_app_trx_lag1	0.00208023895529236	0.00421188847083935	0.0045431423108632
mcomisiones_otras_lag1	0.00208021242631599	0.00142693609967119	0.00397305688575488
Master_mlimitecompra	0.0020654266149233	0.00209576984186524	0.00341174200564823
ctarjeta_debito_trx	0.00202493017555655	0.00148988269458591	0.00302583802557491
mtransferencias_emitidas_delta1	0.00202236035587263	0.00329927127641611	0.00394674525074988
mtarjeta_visa_consumo_lag1	0.00199026750771393	0.00399079663697342	0.00313985511059657
mtarjeta_visa_debitos_automaticos	0.00196942535073977	0.00247084666484902	0.00390289252574155
mtarjeta_visa_debitos_automaticos_delta1	0.00195560140546233	0.00466722389610897	0.0032100194706099
Visa_msaldopesos_delta1	0.00190535807385095	0.002958160536191	0.00360469399568489
Master_mlimitecompra_lag1	0.00189558074476008	0.00252566844209908	0.00330649546562823
ccallcenter_trx_delta1	0.00189189150976534	0.00226153062058587	0.00115771194021997
ctransferencias_recibidas_lag1	0.0018126730901477	0.00253062579595346	0.00406953288077321
mpagomiscuentas	0.00176071994527124	0.00377397218482242	0.00314862565559824
ctarjeta_visa_trx_lag1	0.00176015116672915	0.00526290698019071	0.00414846778578821
ccaja_ahorro_delta1	0.00175847819765872	0.005407016489762	0.00056131488010665
Visa_msaldopesos_lag1	0.00171084893977141	0.00217180006119388	0.00335911873563823
mautoservicio	0.00170916950718048	0.00395181462575559	0.00370116999070322
ccaja_seguridad_lag1	0.00170477087269975	0.000953990364767789	0.000394674525074988
mcomisiones_delta1	0.00169095506237829	0.00317227281591134	0.00365731726569489
cproductos_lag1	0.00168684418918792	0.00273728847179517	0.00370116999070322
mcomisiones_otras_delta1	0.00168420110036991	0.00176071178531003	0.00340297146064656
ctransferencias_recibidas	0.0016714083494448	0.00302485873513246	0.00308723184058657
ccallcenter_trx	0.00165165682164293	0.00614142029624459	0.00253468750548159
mpayroll_delta1	0.00162783835595203	0.00747490963725163	0.00374502271571155
Visa_mconsumosdolares	0.00160011772345925	0.00211283699821225	0.00342928309565156
cprestamos_personales	0.00154913500566391	0.00297641707818104	0.0010436948551983
internet	0.00154179523836894	0.00318160965379213	0.0021926362504166
Master_mpagominimo_lag1	0.00145927721611144	0.0026321137161235	0.0023505060604466
Visa_msaldototal_delta1	0.00145033525761429	0.002982616274831	0.00366608781069656
Visa_cconsumos_delta1	0.00142567172959752	0.00283144087857002	0.00293813257555825
Visa_mconsumosdolares_delta1	0.001408863639019	0.00207856336054448	0.00299075584556824
mpagomiscuentas_lag1	0.00139765015853176	0.00426083130006186	0.00295567366556158
mtarjeta_visa_consumo_delta1	0.00131494975605344	0.00323654177458616	0.00306969075058324
ctarjeta_debito	0.00131213470533978	0.00170533477280511	0.00246452314546826
mtarjeta_master_consumo	0.0012907699517936	0.00116921005627173	0.00116648248522163
Master_mpagospesos_lag1	0.00128780873706792	0.00353739417366111	0.00274518058552158
ctarjeta_visa_debitos_automaticos_lag1	0.00127849765234332	0.00268088097446801	0.00228034170043326
cmobile_app_trx_delta1	0.00123846868424643	0.00263579779877164	0.00293813257555825
Master_mpagominimo	0.00119883577640415	0.0051590059545342	0.00242067042045993
mautoservicio_delta1	0.00119384488042578	0.00575747362638695	0.00290305039555158
ccomisiones_otras_delta1	0.00119034446792121	0.00186513921772792	0.0023241944254416
mcuenta_debitos_automaticos_lag1	0.00118567026961282	0.00223342582171155	0.00253468750548159
mautoservicio_lag1	0.00115347762134091	0.0025466113867524	0.00289427985054991
ctarjeta_debito_lag1	0.00112469886871885	0.0019204759315165	0.0020610780753916
mcomisiones_mantenimiento_delta1	0.00110624044848656	0.00878757402396456	0.00162255082530828
Master_msaldototal	0.00109583830316941	0.00240075404462085	0.00257854023048992
Visa_fultimo_cierre_delta1	0.00109401515901673	0.00198754890087306	0.00198214317037661
ctransferencias_emitidas	0.00109042841368456	0.00620902166053449	0.00297321475556491
Master_fultimo_cierre_delta1	0.00107838451157643	0.00142671633020109	0.0021663246154116
Master_msaldopesos	0.00105187113783519	0.00368695479194707	0.00192951990036661
ctransferencias_emitidas_lag1	0.00102150932531068	0.00420315955477044	0.0023505060604466
Master_status_lag1	0.000995180901613915	0.00245892176234897	0.000420986160079987
Master_mpagospesos	0.000991618648718427	0.0035760817060239	0.00296444421056324
internet_lag1	0.000985952970223863	0.00271278287591978	0.00194706099036994
cplazo_fijo	0.000976331717521923	0.00267472115891655	0.000429756705081654
ctarjeta_debito_trx_lag1	0.000944359809252381	0.00369265587505206	0.00263993404550159
Master_msaldototal_lag1	0.000906175763181411	0.00151900467282396	0.00171902682032662
Master_mpagospesos_delta1	0.000904478327740932	0.00415916016219857	0.00231542388043993
cprestamos_personales_lag1	0.00087007543999977	0.000834486471415283	0.000596397060113315
mdescubierto_preacordado_lag1	0.000844691237017503	0.00105269400303942	0.00103492431019664
ctransferencias_emitidas_delta1	0.000826345181788387	0.00206621077166785	0.00155238646529495
ctarjeta_visa_debitos_automaticos	0.000816563748002098	0.00168192848308916	0.00178042063533828
cpayroll_trx_lag1	0.000815414411388143	0.00064809282639946	0.000552544335104984
Visa_mpagado	0.000799651932929401	0.00323018107719825	0.00192074935536494
ccomisiones_mantenimiento_lag1	0.000782141612489406	0.00158482884078306	0.00121910575523163
ccaja_seguridad	0.000774446661600379	0.00262911585867534	0.000526232700099984
Master_mconsumospesos	0.000766033368522155	0.00177117415792655	0.00206984862039327
ctarjeta_visa_trx_delta1	0.000748327125581281	0.00182053350917538	0.00185058499535161
mextraccion_autoservicio	0.000733947118610197	0.00259951801912466	0.00180673227034328
Master_msaldopesos_lag1	0.000730984636933023	0.00113760271014315	0.00150853374028662
Master_mconsumospesos_lag1	0.000719604794617383	0.0023128613972727	0.00199968426037994
ctransferencias_recibidas_delta1	0.000697328297670238	0.0017845156329505	0.00170148573032328
ctarjeta_debito_trx_delta1	0.000688417577209451	0.00314482709604288	0.00179796172534161
ccajas_consultas_delta1	0.000679690581743154	0.0034535102162682	0.000675331965128313
ccuenta_debitos_automaticos	0.000669821951335373	0.0021977463170612	0.00144713992527496
mextraccion_autoservicio_delta1	0.000663469534778476	0.00261013378685498	0.00175410900033328
mextraccion_autoservicio_lag1	0.000657823690235839	0.0017101951650422	0.00207861916539494
mprestamos_prendarios	0.000641495695014276	0.00550336009144495	0.000596397060113315
Master_mpagominimo_delta1	0.00063739115119463	0.00291118538546702	0.00132435229525163
matm_lag1	0.000627094450532964	0.00238082468532809	0.00181550281534495
ccuenta_debitos_automaticos_lag1	0.000622631573820554	0.00278999055185966	0.00130681120524829
ccaja_ahorro_lag1	0.00061596059293781	0.00128629044446903	0.00107877703520497
mcuenta_debitos_automaticos_delta1	0.000594749264430706	0.00246524323157469	0.00140328720026662
thomebanking_lag1	0.000583514116598124	0.000514833612382011	0.000991071585188304
cpagomiscuentas_lag1	0.000567811209402085	0.000932009517881432	0.00136820502025996
ccajas_trx_delta1	0.000565501514260143	0.0013921036327454	0.000605167605114982
mpagomiscuentas_delta1	0.000543919763349667	0.00144775593059909	0.00147345156027996
mplazo_fijo_dolares	0.000537548394571518	0.00235119885843362	0.000464838885088319
ccajas_otras_delta1	0.000517974426305926	0.00118234560256117	0.000228034170043326
mtarjeta_master_consumo_lag1	0.00051178782119099	0.00165415249727032	0.000859513410163308
Master_mconsumospesos_delta1	0.000508393357697862	0.00170690971087272	0.00118402357522496
ctarjeta_visa_debitos_automaticos_delta1	0.000505518069417532	0.00227085912343805	0.000754266870143311
cpagomiscuentas	0.000505430122539186	0.00195553482064166	0.00144713992527496
cextraccion_autoservicio	0.000494015348516669	0.00163333916613538	0.0011489413952183
cprestamos_personales_delta1	0.000485188453846408	0.00243228805779124	0.000412215615078321
mplazo_fijo_dolares_delta1	0.00047210623289522	0.00382915588583797	0.000640249785121648
Master_mfinanciacion_limite_delta1	0.000471545835388536	0.0043586554781123	0.000920907225174972
matm	0.000461045395090296	0.000692169987082356	0.00121910575523163
cextraccion_autoservicio_lag1	0.000459791645756356	0.00285994155306952	0.0010963181252083
Master_cconsumos	0.000459579002124142	0.00162425719660666	0.00107877703520497
Visa_status_delta1	0.000459352260719621	0.000445888855590084	0.000306969075058324
Visa_msaldodolares_lag1	0.000453676015797919	0.00149833441360224	0.00151730428528829
Visa_mpagado_delta1	0.000451198139174407	0.00147497454005482	0.000868283955164974
Visa_mpagosdolares	0.000448979540485575	0.000967178597614255	0.0010700064902033
Master_cconsumos_lag1	0.000430261357895895	0.000976192051678386	0.000955989405181638
Master_msaldototal_delta1	0.000423467199402879	0.00158875762151901	0.000894595590169973
Visa_mpagado_lag1	0.000420583750616259	0.00155860531139501	0.000982301040186637
Visa_mpagosdolares_lag1	0.000420574118900837	0.000861417560617845	0.00102615376519497
matm_delta1	0.000417991166386959	0.00134138926583538	0.0011752530302233
Visa_mfinanciacion_limite_delta1	0.000417049329925313	0.000898845509573676	0.000701643600133312
ccallcenter_trx_lag1	0.000408751371147176	0.00256879625066946	0.000754266870143311
Master_msaldopesos_delta1	0.00040722781085224	0.00185511684286053	0.000947218860179972
Visa_Fvencimiento_delta1	0.000390945123936914	0.000218781654512641	0.000771807960146644
Visa_delinquency	0.000389159612478888	0.00015698995810419	0.000166640355031662
tmobile_app	0.000385745327900415	0.000221748007082003	0.000736725780139978
tpaquete7	0.000373840721931392	0.0016518965338371	0.000350821800066656
Visa_status_lag1	0.000371428668519015	0.000593359828674377	0.000140328720026662
thomebanking_delta1	0.000357086554893761	0.0014053885978047	0.000710414145134979
mcaja_ahorro_adicional_lag1	0.000333982818490174	0.00438878370076828	0.000745496325141644
mttarjeta_master_debitos_automaticos	0.000333257087025604	0.00346494664021047	0.000859513410163308
ctarjeta_master_trx	0.000330651425619011	0.00270512726683849	0.000991071585188304
tcallcenter_lag1	0.000328216523523276	0.000855181659254706	0.000456068340086653
mttarjeta_master_debitos_automaticos_lag1	0.000320565655184023	0.00107426352773382	0.000710414145134979
Visa_mconsumototal_lag1	0.00031714397175734	0.000409195842047331	0.000543773790103317
Visa_mlimitecompra_delta1	0.000315838423239418	0.000462719572409765	0.000535003245101651
mtarjeta_master_consumo_delta1	0.00031552708990241	0.0023051178498161	0.000701643600133312
cseguro_accidentes_personales	0.000315031273356568	0.00036828966270972	0.000535003245101651
ctarjeta_master	0.000313597169774146	0.00041046689567715	0.000315739620059991
Master_mlimitecompra_delta1	0.000307500257821312	0.00147101471324899	0.000587626515111649
tcuentas_lag1	0.000296727144106468	0.0031520648066711	0.000508691610096651
Master_Fvencimiento_delta1	0.000295666233121466	0.000286081046068567	0.00068410251012998
catm_trx_lag1	0.000295188468667046	0.00224839836242699	0.000929677770176639
Visa_msaldodolares	0.000290023433472936	0.00120186218676707	0.000789349050149976
mcaja_ahorro_adicional	0.000286926142098387	0.00228933084680904	0.000447297795084987
tmobile_app_lag1	0.000284702468006918	0.000147331189301637	0.000587626515111649
ccajas_extracciones	0.000280452500831509	0.00247612541434809	0.000763037415144977
mforex_sell	0.000277668530707397	0.00100815092190372	0.000649020330123314
cseguro_accidentes_personales_lag1	0.000271379944970823	0.000381827966758046	0.000482379975091652
Visa_msaldodolares_delta1	0.000268114334411552	0.00226044806095181	0.000736725780139978
matm_other_lag1	0.000264641697660876	0.00119651744525244	0.000508691610096651
ccuenta_debitos_automaticos_delta1	0.000264470379834281	0.00180069805277381	0.000412215615078321
cpagomiscuentas_delta1	0.00026427081630795	0.0012052478906844	0.000631479240119981
mplazo_fijo_dolares_lag1	0.000264032313539788	0.00358130838071116	0.000613938150116648
Master_cconsumos_delta1	0.000263648974299175	0.00110328059166673	0.000587626515111649
matm_other_delta1	0.000260985475706913	0.0011732635565643	0.000675331965128313
catm_trx	0.000258186085612923	0.00205271743089316	0.000710414145134979
minversion1_pesos	0.00025460380136104	0.00276939339619167	0.000254345805048326
cextraccion_autoservicio_delta1	0.000251560592512954	0.000729223853836462	0.000622708695118315
Master_Finiciomora	0.000245775741683613	0.000869679791552429	0.000201722535038327
Master_fechaalta_delta1	0.000234392337780067	0.000134204513317883	0.000526232700099984
matm_other	0.000222485625182811	0.00105299536402818	0.000499921065094985
mforex_sell_lag1	0.000216413888077924	0.000364287778420048	0.000429756705081654
Visa_mconsumototal_delta1	0.000212284276874709	0.000250501102952696	0.000491150520093319
Visa_fechaalta_delta1	0.000211578231800705	0.000118013758465953	0.000499921065094985
catm_trx_delta1	0.000206173067743214	0.000747447667457253	0.000473609430089986
ccajas_trx_lag1	0.000203829529075334	0.00129016753273392	0.00116648248522163
mforex_sell_delta1	0.000199570045103041	0.000947017692755914	0.000412215615078321
Visa_delinquency_lag1	0.000195369375043193	0.000144024171113165	0.000114017085021663
mprestamos_hipotecarios	0.000192429948585024	0.00116169270161004	8.7705450016664e-05
ctarjeta_master_trx_lag1	0.000190431965523678	0.000338269718957592	0.000377133435071655
Master_delinquency	0.000189916028033965	0.000146250082562473	0.000131558175024996
ccajas_otras	0.000189765825858068	0.00134653641364411	0.000236804715044993
Visa_mconsumototal	0.000184287749803888	0.000165822029710739	0.000403445070076655
active_quarter_lag1	0.000180525911040096	0.000160434848371506	0.000315739620059991
mttarjeta_master_debitos_automaticos_delta1	0.000173002553161343	0.00225846180069224	0.000517462155098318
tmobile_app_delta1	0.000168190379304174	0.000540796155965798	0.000377133435071655
tcallcenter_delta1	0.000166641355191314	0.000525365188676488	0.00034205125506499
ccajas_trx	0.000166271611423564	0.000381106642676101	0.000368362890069989
ctarjeta_debito_delta1	0.000155048737737696	0.00284955381336978	0.000280657440053325
cpayroll_trx_delta1	0.000154655227767132	0.000243312943687251	0.000306969075058324
mcheques_emitidos_delta1	0.000138125403352187	0.00240172756066953	0.000315739620059991
cseguro_vivienda	0.000136992718000652	0.000215110418514109	0.00021926362504166
ctarjeta_master_trx_delta1	0.000134665605512493	0.0011629886073894	0.000368362890069989
Master_mconsumosdolares	0.000131353471316194	0.000384794931072627	0.000403445070076655
minversion2_lag1	0.000130636690848612	0.00273416291253244	0.000280657440053325
ccheques_depositados_delta1	0.000129044402192492	0.00263243495883189	0.000228034170043326
minversion2	0.000124390197467144	0.00265994062973187	0.00021926362504166
cseguro_vivienda_lag1	0.000122582812178955	0.000357604920705911	0.00021926362504166
ccajas_consultas	0.000119974122185076	0.00100866119388494	0.000236804715044993
mtarjeta_visa_descuentos_delta1	0.000118628869161539	0.000934535719765362	0.000263116350049992
internet_delta1	0.000118250053614676	0.000184313787737671	0.000263116350049992
ctarjeta_visa_delta1	0.000118131025274033	0.00199816826260653	0.000245575260046659
cforex_buy_delta1	0.000118006678942935	0.00176694523969229	0.000166640355031662
Master_msaldodolares_lag1	0.0001141720743117	0.000895934902287442	0.000228034170043326
mcheques_depositados	0.000113655852817924	0.000894165964517102	0.000298198530056658
cseguro_vida_lag1	0.000113029441808436	0.00235423472055355	0.000333280710063323
Visa_mpagosdolares_delta1	0.000111430762736095	0.00124938867287012	0.000649020330123314
tpaquete9	0.000111110521543281	0.000384675564286672	0.000192951990036661
active_quarter	0.000105415853697805	0.000110622576255786	0.000192951990036661
tpaquete9_lag1	0.000104918457749889	0.00054481593380314	0.000166640355031662
cliente_edad_delta1	0.000104431736247371	0.000285701611096171	0.000192951990036661
Master_mconsumosdolares_delta1	0.000101865542287542	0.000176312848479967	0.000289427985054991
Master_mpagado_lag1	0.000101062120058041	0.000318585898902309	0.000228034170043326
catm_trx_other_lag1	9.97410828763309e-05	0.000915932624108481	0.000228034170043326
Master_mconsumosdolares_lag1	9.46049593903488e-05	0.000249040867113747	0.000333280710063323
catm_trx_other	9.29055783372933e-05	0.000944273862510145	0.000210493080039994
cforex	8.78729290985882e-05	0.000104642307926247	0.000157869810029995
mprestamos_hipotecarios_lag1	8.47306239858389e-05	0.00178276091825651	0.000149099265028329
Master_mconsumototal	8.25501136733531e-05	0.000160862764152547	0.000166640355031662
Master_mpagosdolares_lag1	8.16423193375867e-05	6.06045283418565e-05	0.000210493080039994
minversion1_pesos_delta1	8.12186042420099e-05	0.00012566187366831	0.00012278763002333
cprestamos_hipotecarios	8.10782180126257e-05	0.000684856037706151	5.26232700099984e-05
Master_msaldodolares	8.05851154573179e-05	0.00176341623445729	0.000192951990036661
mcheques_depositados_delta1	7.84566890986649e-05	0.00172261588704265	0.000254345805048326
ccajas_extracciones_delta1	7.60178857089294e-05	0.000771567099162834	0.00021926362504166
Master_mpagosdolares	7.5885360347739e-05	9.30905700100994e-05	0.000201722535038327
mcaja_ahorro_adicional_delta1	7.52443521702297e-05	0.00155594100802777	0.000228034170043326
ccajas_extracciones_lag1	6.84145658636924e-05	0.000588713547264112	0.000271886895051659
ctarjeta_master_debitos_automaticos	6.80656568601462e-05	0.000285892322668351	0.000149099265028329
Master_mpagado	6.72855527509099e-05	0.000285633936781264	0.000140328720026662
ctarjeta_visa_lag1	6.56539102085933e-05	0.00160382314750782	0.000210493080039994
cseguro_vida	6.53523925421604e-05	0.000115691038335659	9.64759950183304e-05
ctarjeta_master_debitos_automaticos_lag1	6.51523081425273e-05	0.000290693834428064	0.000166640355031662
catm_trx_other_delta1	6.03637007856393e-05	0.000163370154870978	0.000192951990036661
Master_status_delta1	5.91520002493168e-05	0.000180579771385988	0.000236804715044993
cforex_sell	5.85637705680862e-05	0.000304619602604791	0.00012278763002333
ccajas_depositos	5.80143471363491e-05	0.000698127926711384	0.000157869810029995
Master_mpagado_delta1	5.60656179359767e-05	0.000577519068556154	0.000131558175024996
ccajas_depositos_lag1	5.12212838216193e-05	0.000463480659930977	0.00012278763002333
minversion1_pesos_lag1	5.09511861058918e-05	0.00151721111230854	0.000157869810029995
active_quarter_delta1	4.82998176542442e-05	8.79949617361111e-05	7.89349050149976e-05
cforex_sell_delta1	4.61004683172061e-05	4.84183341649339e-05	6.13938150116648e-05
Master_delinquency_lag1	4.60451730488878e-05	0.000626697113815556	0.000131558175024996
mforex_buy_delta1	4.43101699627678e-05	0.00115318194918004	9.64759950183304e-05
tpaquete7_lag1	4.34369634490116e-05	0.00121245914333188	0.000333280710063323
Visa_delinquency_delta1	4.26282097056581e-05	0.000117991659169899	6.13938150116648e-05
mprestamos_prendarios_lag1	4.24288259779214e-05	0.000608711651425914	9.64759950183304e-05
mtarjeta_visa_descuentos_lag1	4.23511801393845e-05	0.00013649656971905	8.7705450016664e-05
cplazo_fijo_lag1	4.07332551831597e-05	0.0004157683562175	0.000105246540019997
mprestamos_hipotecarios_delta1	3.78574182647366e-05	1.27087775306815e-05	7.01643600133312e-05
cinversion2	3.53144207655027e-05	0.00145377588589975	0.000131558175024996
cforex_buy	3.47499014439226e-05	0.000282260161895714	2.63116350049992e-05
cforex_sell_lag1	3.4592585160956e-05	0.00116851335493487	9.64759950183304e-05
ctarjeta_visa_descuentos_delta1	3.44656492309812e-05	0.000421718266690522	6.13938150116648e-05
ccheques_emitidos_lag1	3.41367919472449e-05	0.000612113413655255	7.89349050149976e-05
ccheques_depositados_lag1	3.30620336593663e-05	0.000512625288607764	5.26232700099984e-05
ccheques_emitidos	3.28970155034016e-05	0.00058461691893357	7.01643600133312e-05
mtarjeta_master_descuentos_delta1	3.23112359425142e-05	0.000417230656696566	9.64759950183304e-05
Master_mconsumototal_delta1	3.12859085593043e-05	0.000277717877172765	0.00012278763002333
Master_msaldodolares_delta1	3.07187910472997e-05	0.00152853986909218	0.000175410900033328
mprestamos_prendarios_delta1	3.00366567490151e-05	0.00154043601956691	0.000149099265028329
cprestamos_hipotecarios_lag1	2.97776560156856e-05	0.00124533792543104	9.64759950183304e-05
cforex_lag1	2.72859278348426e-05	0.000390704236956704	8.7705450016664e-05
Master_mpagosdolares_delta1	2.49343201209531e-05	2.11751019641218e-05	6.13938150116648e-05
mtarjeta_visa_descuentos	2.26031030850215e-05	0.000112569684821306	7.89349050149976e-05
ctarjeta_visa_descuentos_lag1	2.15827196365512e-05	0.000328560328238125	7.01643600133312e-05
ccajas_consultas_lag1	2.00460470809437e-05	0.0002268878139481	7.01643600133312e-05
ctarjeta_master_lag1	1.89264826794865e-05	0.000207627168648407	4.3852725008332e-05
cforex_delta1	1.87638813081531e-05	0.000181178746424032	5.26232700099984e-05
Master_mconsumototal_lag1	1.7987049321425e-05	9.21562056554636e-05	0.000114017085021663
cseguro_auto_lag1	1.41960101059474e-05	0.000275625861458376	3.50821800066656e-05
mcheques_emitidos	1.3488612548301e-05	0.000250203106562647	3.50821800066656e-05
mforex_buy	1.33486702746837e-05	0.000568001612899306	4.3852725008332e-05
mcajeros_propios_descuentos_lag1	1.20382343113145e-05	6.1701693393032e-05	3.50821800066656e-05
ctarjeta_master_debitos_automaticos_delta1	1.12798356449589e-05	7.54937187711454e-05	4.3852725008332e-05
tpaquete7_delta1	1.06758156176633e-05	0.000573820992236116	7.01643600133312e-05
minversion2_delta1	1.0507041712e-05	0.000101511701765449	3.50821800066656e-05
mcheques_depositados_lag1	9.27776112842468e-06	0.000167720657467614	4.3852725008332e-05
mcheques_emitidos_lag1	9.04323892162719e-06	7.23641066963294e-06	1.75410900033328e-05
mtarjeta_master_descuentos	8.63100362876863e-06	0.000151746078082625	1.75410900033328e-05
mcajeros_propios_descuentos_delta1	7.77128064728313e-06	4.72914230024602e-05	2.63116350049992e-05
cseguro_vida_delta1	6.87895033332679e-06	0.00010573909063666	1.75410900033328e-05
Visa_madelantopesos_lag1	6.67575452280479e-06	9.14253230544645e-06	1.75410900033328e-05
Visa_madelantopesos	6.62218869121144e-06	1.8197890917114e-06	8.7705450016664e-06
cpagodeservicios_lag1	5.98082812579612e-06	0.000482716300144823	5.26232700099984e-05
Visa_madelantopesos_delta1	5.72535083131002e-06	1.80295845135987e-05	1.75410900033328e-05
cprestamos_prendarios_lag1	5.5734435714238e-06	0.000155771820435858	1.75410900033328e-05
mtarjeta_master_descuentos_lag1	5.30761694805924e-06	5.64035209832364e-05	1.75410900033328e-05
cseguro_auto	4.57367803390137e-06	3.07901309834805e-05	8.7705450016664e-06
mcheques_emitidos_rechazados_lag1	4.1724263676737e-06	3.39129373927296e-05	8.7705450016664e-06
ccajas_depositos_delta1	4.02306873106982e-06	6.61226231580628e-05	3.50821800066656e-05
cinversion1_lag1	3.94996618984748e-06	4.23506627371582e-05	1.75410900033328e-05
ccheques_depositados	3.87715197202958e-06	0.000161334266780478	2.63116350049992e-05
tcuentas	2.92108804770351e-06	5.30415986613148e-05	8.7705450016664e-06
ctarjeta_master_descuentos_delta1	2.9191891840594e-06	2.33283686686138e-05	8.7705450016664e-06
ctarjeta_visa_descuentos	2.83207299892146e-06	4.90737426994771e-05	1.75410900033328e-05
ctarjeta_master_descuentos_lag1	2.66276657894659e-06	2.446759120363e-05	8.7705450016664e-06
cinversion1_delta1	2.47853412820097e-06	6.12902947329174e-05	8.7705450016664e-06
cinversion2_lag1	2.05137424699002e-06	9.63010853901945e-05	8.7705450016664e-06
Visa_cadelantosefectivo_lag1	1.76993946634091e-06	9.96915303329754e-07	8.7705450016664e-06
Master_madelantopesos	8.14149384851017e-07	2.55992433915549e-05	0.000131558175024996
mpagodeservicios_delta1	7.322715472137e-07	4.42947125765808e-05	1.75410900033328e-05
Master_madelantopesos_lag1	1.29414027722999e-07	1.58285252138331e-05	7.89349050149976e-05
Master_cadelantosefectivo	2.150128226337e-12	2.4791510297356e-05	7.01643600133312e-05
Master_madelantodolares	7.49854971407862e-13	1.22792559184392e-06	8.7705450016664e-06
Master_madelantopesos_delta1	4.28705175801071e-13	1.2234139708501e-06	8.7705450016664e-06
Master_madelantodolares_lag1	1.17091719732921e-15	6.34081566828308e-06	8.7705450016664e-06
Master_cadelantosefectivo_lag1	5.3712982434546e-16	2.94218863319135e-06	1.75410900033328e-05
