Feature	Gain	Cover	Frequency
ctrx_quarter	0.208450813042547	0.0169617718160386	0.0130455366379688
mcuentas_saldo	0.0431926125050432	0.0135353563270272	0.019401728884291
mtarjeta_visa_consumo	0.0397215482283511	0.0123990709732868	0.0162806193123038
mcaja_ahorro	0.0299600784841997	0.00755121974714493	0.0121512861426242
mdescubierto_preacordado	0.0206823590670192	0.00203482751992256	0.00175343234381301
cpayroll_trx	0.0204694840883214	0.00839337297144588	0.00466413003454262
foto_mes	0.0194652769306238	0.0147509747882538	0.0165436341638758
ctarjeta_visa	0.0184094303551189	0.000681797132482658	0.000753975907839596
mprestamos_personales	0.0163496065069476	0.00843683791373741	0.00332275429152566
mpayroll	0.0150879747609264	0.0115169612413331	0.00576879241114482
mcuenta_corriente	0.0126006147955594	0.00695240970889527	0.0102926478581824
mdescubierto_preacordado_delta1	0.0117126251874678	0.00429579562316359	0.00103452508284968
Master_status	0.0101729928951211	0.00143511479786673	0.00064000280549175
mpasivos_margen	0.00964841420912643	0.0074840539676729	0.00990689274254353
cproductos_delta1	0.0093518172793674	0.00481468651113996	0.0016306920797461
mactivos_margen	0.00885585044591278	0.00816813560874326	0.0134137574301696
numero_de_cliente	0.00836060486768786	0.0095336148425265	0.0164121267380898
cliente_edad_lag1	0.00827719883729645	0.0102910031356495	0.0149304764075678
mrentabilidad_annual	0.00808254974357116	0.00767684747407532	0.0121863547895004
mrentabilidad_annual_delta1	0.00807342020279149	0.00668804689659842	0.0131770440637548
Visa_status	0.0076722385047333	0.00109499970534095	0.000683838614087075
cliente_edad	0.00765428078126283	0.00737325361405315	0.0129227963739019
ctrx_quarter_delta1	0.00762803110644409	0.00627099233091165	0.0114411460433799
Master_fechaalta	0.00698062020450235	0.00787933660670306	0.0111167610597745
Master_Fvencimiento	0.0066128622790573	0.00665452681359397	0.0117041608949519
mprestamos_personales_delta1	0.00650796587395779	0.00876114319456661	0.00342796023215444
ctarjeta_visa_trx	0.0064533691159183	0.00775034722423555	0.0104679910925637
Visa_Fvencimiento_lag1	0.006311533664671	0.00513994808005538	0.0114674475285371
Visa_Fvencimiento	0.00616385237612463	0.00756641636882247	0.0116603250863565
mcuenta_corriente_lag1	0.00609826009631449	0.00719054231352661	0.00966141221440971
Visa_fechaalta_lag1	0.00608759213164038	0.00500445371467576	0.00955620627378093
mrentabilidad_annual_lag1	0.00582714436589511	0.00554217672948634	0.00924058845189458
mcuentas_saldo_delta1	0.00578723200969502	0.00764226205393424	0.00996826287457698
Master_Fvencimiento_lag1	0.00562917170093216	0.0041840504078349	0.0108537462082026
mcaja_ahorro_dolares_delta1	0.00560747160783063	0.00634261654476676	0.0067507145236801
mrentabilidad	0.00555593925409916	0.00471673807123973	0.00852168119093125
Visa_fechaalta	0.0055336761193639	0.00491908732660449	0.0100471673300486
mcaja_ahorro_lag1	0.00548045320520831	0.005431666099715	0.00952113762690467
chomebanking_trx	0.00534024116095091	0.0047918229436728	0.0089600392768845
Master_fechaalta_lag1	0.00517032775436764	0.00689308273099484	0.010774841752731
mcomisiones_mantenimiento	0.00506634566228787	0.0069284031202633	0.0049709806947099
Visa_mpagominimo	0.00485178603413059	0.00636096370240632	0.00949483614174747
mactivos_margen_lag1	0.00481122777840214	0.00833842973469709	0.00814469323701145
mcaja_ahorro_delta1	0.00476447185946094	0.00748850810757861	0.00835510511826901
mcuenta_corriente_delta1	0.00459317037560356	0.00844889197491089	0.00842524241202153
ctrx_quarter_lag1	0.00456318449805623	0.00723671101275928	0.00835510511826901
ccaja_ahorro	0.00449983032677238	0.00377233556463762	0.00266521716259578
mtransferencias_recibidas	0.0044527581508122	0.00477207110849712	0.00704879802212832
Visa_mfinanciacion_limite	0.0043900032572325	0.00471823906776834	0.00609317739475022
mactivos_margen_delta1	0.004351335328572	0.00442329190787337	0.00759236204871035
Visa_msaldototal	0.00428216379397445	0.00229543366145117	0.00415563465483684
Master_mfinanciacion_limite	0.0042620319316649	0.0052657391505001	0.00769756798933913
cliente_antiguedad_lag1	0.00418416971910844	0.00443985072243588	0.0084340095737406
mrentabilidad_delta1	0.00415010374101426	0.00368092853402007	0.00751345759323877
cliente_antiguedad	0.00414088343931003	0.00425689594037977	0.00874962739562694
mcuentas_saldo_lag1	0.00396772721682517	0.00662451738915403	0.00754852624011503
Visa_mpagospesos_lag1	0.00384733237178013	0.00514539746509205	0.00753975907839596
chomebanking_trx_delta1	0.00379184660899237	0.00582465525776723	0.00721537409479055
mprestamos_personales_lag1	0.00376391525518999	0.00311968443658185	0.00157808910943171
Visa_mpagominimo_lag1	0.003596172385037	0.00551832765614941	0.00686468762602795
cproductos	0.00359233208945693	0.00727927725897363	0.00735564868229559
mpayroll_lag1	0.00353405149725955	0.00705469994210567	0.00483070610720485
Visa_mpagospesos_delta1	0.00350920597231985	0.00469777672664889	0.00735564868229559
chomebanking_trx_lag1	0.00348354626898929	0.00363261205929174	0.0075046904315197
Visa_fultimo_cierre	0.0034714075061936	0.00419865216770932	0.00668057722992758
ccomisiones_mantenimiento_delta1	0.00346831293522479	0.00479017470792001	0.00134137574301696
mtransferencias_recibidas_lag1	0.00346488696539526	0.00557569673580369	0.00684715330258982
mrentabilidad_lag1	0.00340128416384919	0.00333354841277443	0.00685592046430888
Master_mfinanciacion_limite_lag1	0.00333903452969153	0.00514797277114751	0.00614578036506461
Visa_cconsumos_lag1	0.00324916431001857	0.00456628282031546	0.00618084901194087
mcaja_ahorro_dolares_lag1	0.00317668818676341	0.00393769364897492	0.00607564307131209
Visa_mpagospesos	0.00312239085434293	0.00527972442281035	0.00690852343462328
mcaja_ahorro_dolares	0.00311811653875823	0.00574340412932476	0.00634742508460311
Visa_mconsumospesos_lag1	0.00303653441027661	0.00289540205828483	0.00597043713068331
Visa_Finiciomora	0.0030282063949404	0.00629465942576995	0.00131507425785976
Visa_mconsumospesos	0.00296874446950528	0.00326789260222123	0.00654906980414161
Visa_mfinanciacion_limite_lag1	0.00296177871237767	0.00273208285376697	0.00523399554628185
mpasivos_margen_lag1	0.00294098563506545	0.00457730083882296	0.00613701320334555
mcomisiones_otras	0.00293901482302876	0.00268106331228135	0.00502358366502429
mcomisiones	0.00287195064342603	0.00361883821330496	0.00513755676737213
Master_fultimo_cierre_lag1	0.00285134320637486	0.00436306669401833	0.00596166996896425
thomebanking	0.00282331037421763	0.00198387070848142	0.00160439059458891
mpasivos_margen_delta1	0.00280993783518942	0.00385925785719817	0.00612824604162648
Visa_fultimo_cierre_lag1	0.00280873849096204	0.00291421125567735	0.00565481930879697
Visa_mpagominimo_delta1	0.00273729198810464	0.00356108332087106	0.00564605214707791
mtarjeta_visa_consumo_lag1	0.0027040629322727	0.00520552513296107	0.00312110957198717
Master_fultimo_cierre	0.00262449687508708	0.00255150820910719	0.0054970103978538
mcuenta_debitos_automaticos	0.00259572516355711	0.00694635633629108	0.00416440181655591
mcomisiones_mantenimiento_lag1	0.00252142269412414	0.00658915788946664	0.00447125247672319
Visa_mlimitecompra_lag1	0.00250306748199077	0.00350022896608102	0.00431344356578001
mtarjeta_visa_debitos_automaticos_lag1	0.0024861320067032	0.00508254970593045	0.00466413003454262
Visa_mconsumospesos_delta1	0.00236162438231352	0.00302440087326513	0.00496221353299083
ccomisiones_otras	0.00235140167134684	0.00450215699401312	0.00419947046343217
ccomisiones_mantenimiento	0.0023180863022352	0.00284267776265673	0.00113096386175939
Visa_msaldopesos	0.00229823832519747	0.00349586301633563	0.00522522838456278
cmobile_app_trx	0.00226269174315611	0.00309195798698769	0.00465536287282355
tcallcenter	0.00225950288059018	0.000895158271387241	0.00108712805316407
Visa_mconsumosdolares_lag1	0.0022529526806968	0.00279883160881134	0.00486577475408111
Visa_cconsumos	0.00225205101883674	0.00286006196043271	0.00448001963844225
mcomisiones_lag1	0.00222063710508054	0.00165655837324668	0.00416440181655591
Visa_msaldopesos_lag1	0.00219017622759413	0.00269632427443237	0.0033139871298066
Master_mlimitecompra	0.00211641010696756	0.00243741138398186	0.00348056320246883
Visa_mlimitecompra	0.00211537101660749	0.00270315717136668	0.00356823481965948
mtransferencias_emitidas	0.00210157059913969	0.00821499387834252	0.00560221633848258
mtransferencias_recibidas_delta1	0.00206694466477202	0.00303317134636517	0.00484824043064298
ccomisiones_otras_lag1	0.00205851366455814	0.00467948984506673	0.00415563465483684
Visa_Finiciomora_lag1	0.00202546648949297	0.00455640851315664	0.000999456435973418
mtransferencias_emitidas_lag1	0.00201748930292275	0.0039945337410415	0.0049446792095527
mtarjeta_visa_debitos_automaticos_delta1	0.0020160232326464	0.00397593934420467	0.0031123424102681
mtarjeta_visa_debitos_automaticos	0.0019686849170659	0.00228432737609626	0.00375234521575985
mcomisiones_otras_lag1	0.0019494161732982	0.00141355053986589	0.00362960495169294
mtransferencias_emitidas_delta1	0.00193663386139035	0.00355619405838306	0.00369974224544546
cmobile_app_trx_lag1	0.00191620811775182	0.00388365562670647	0.00431344356578001
mcomisiones_otras_delta1	0.0019085618788565	0.00194226205403393	0.00368220792200733
mpayroll_delta1	0.00185327385994327	0.00877321090604317	0.00463782854938542
cprestamos_personales	0.00182122680150197	0.0028473887276467	0.000999456435973418
cproductos_lag1	0.00180630760615961	0.00287750750788544	0.00384878399466957
Visa_msaldototal_lag1	0.00178733650683311	0.00186013592582692	0.00317371254230156
Visa_msaldopesos_delta1	0.00177914936746287	0.00247099051605018	0.00349809752590696
mautoservicio	0.00177235520354386	0.00542655551826815	0.00399782574389367
ccallcenter_trx_delta1	0.00175775102023651	0.00221484135184982	0.001078360891445
ccaja_ahorro_delta1	0.00174137333731161	0.00549232750977169	0.00056986551173923
ctransferencias_recibidas_lag1	0.00173886818166502	0.00275467709615323	0.00400659290561274
mpagomiscuentas	0.00170160631211813	0.00344345451816857	0.00298083498448212
Visa_mconsumosdolares	0.00163802605725424	0.00233732475447296	0.00337535726184005
Master_mlimitecompra_lag1	0.00163354816407815	0.00250679863524874	0.0029369991758868
Visa_cconsumos_delta1	0.00155303682313568	0.00350141692588405	0.00336659010012099
ctarjeta_visa_trx_lag1	0.00154620648778064	0.00518652260739971	0.00373481089232172
Visa_msaldototal_delta1	0.00154327343554406	0.00258516609882302	0.00373481089232172
mtarjeta_master_consumo	0.00148322517883596	0.00186839435918744	0.00127123844926444
ctransferencias_recibidas	0.00146892287552987	0.00242620601889901	0.00280549175010082
mcomisiones_delta1	0.00145943564041547	0.00223628889209067	0.00317371254230156
internet	0.00145388673555924	0.00336011121237498	0.00210411881257562
ccallcenter_trx	0.00140518397219795	0.0060930124708297	0.00227946204695692
ccaja_seguridad_lag1	0.00139994853308439	0.000633324062704438	0.000315617821886343
ctarjeta_debito	0.00137890045039136	0.00176095834515316	0.0025863127071242
Master_msaldopesos	0.001353015112485	0.00271265279764581	0.00205151584226123
mautoservicio_lag1	0.00132481854726731	0.00263086087180285	0.0032876856446494
ctarjeta_visa_debitos_automaticos_lag1	0.00129823841363536	0.00284847139606701	0.00249864108993354
Master_mpagospesos_lag1	0.00128411856333781	0.00345105290569443	0.0029369991758868
Master_status_lag1	0.00127670365995555	0.00237969445166044	0.000420823762515123
mpagomiscuentas_lag1	0.00124920145298036	0.00350823180135081	0.00267398432431485
Master_mpagominimo_lag1	0.00123570521352986	0.00169804325472134	0.00198137854850871
mtarjeta_visa_consumo_delta1	0.00121691213117503	0.00340520184441309	0.00285809472041521
Visa_mconsumosdolares_delta1	0.00121030871994968	0.00198951687260623	0.00265645000087672
mdescubierto_preacordado_lag1	0.00120530573382103	0.000989626037377472	0.00116603250863565
cmobile_app_trx_delta1	0.00120487250436458	0.00252263536411599	0.0027353544563483
ccomisiones_otras_delta1	0.0011184263702538	0.00177778686823205	0.00217425610632814
mcuenta_debitos_automaticos_lag1	0.00111733430684115	0.00263456102418139	0.002560011221967
ctarjeta_debito_lag1	0.00111379932428987	0.00134341681640724	0.00189370693131806
mautoservicio_delta1	0.00108695394710474	0.00470712603394898	0.00263891567743859
ctransferencias_emitidas	0.00108065147618517	0.00503963238619095	0.00262138135400046
Master_mpagominimo	0.00107157367566196	0.00427848098058361	0.00256877838368607
Master_msaldototal	0.00106729423998027	0.00269670172831853	0.00278795742666269
Visa_fultimo_cierre_delta1	0.00103660792616684	0.00165538206988223	0.00199014571022777
tcuentas_lag1	0.00103629022299602	0.00372299999509149	0.000482193894548579
mcomisiones_mantenimiento_delta1	0.000999247314457408	0.00696970978092702	0.00136767722817415
Master_mpagospesos	0.00099260923625961	0.00348446869424842	0.0030860409251109
ctarjeta_debito_trx	0.000982868869405008	0.00166005507475972	0.00265645000087672
ctransferencias_emitidas_lag1	0.000981994916294891	0.00366257148374514	0.00224439340008066
Master_fultimo_cierre_delta1	0.000967667398813145	0.00156793585108229	0.00223562623836159
ctarjeta_debito_trx_lag1	0.000964105413668401	0.0038664274871707	0.00288439620557241
internet_lag1	0.000958102551749739	0.00286571379940263	0.00188493976959899
Master_msaldopesos_lag1	0.000939497077508128	0.0018422570195951	0.00149918465396013
cplazo_fijo	0.000908585785291352	0.00270831000740339	0.000403289439076993
Master_mpagospesos_delta1	0.000899219958365831	0.0047786955699047	0.00197261138678964
ctarjeta_visa_debitos_automaticos	0.000884538374573695	0.00181645940383773	0.00176219950553208
Master_msaldototal_lag1	0.000854117225591324	0.00147167199661833	0.00164822640318423
ccaja_seguridad	0.000843446067026274	0.00318360635189611	0.00060493415861549
ccomisiones_mantenimiento_lag1	0.000834065789179466	0.0018826431283593	0.00137644438989322
ccajas_consultas_delta1	0.000824511148318542	0.00407689759924588	0.000841647525030247
ctransferencias_emitidas_delta1	0.000820590414130249	0.00256449386512201	0.0016306920797461
ctarjeta_visa_trx_delta1	0.000791936151086407	0.00229036057999423	0.00202521435710403
ctarjeta_debito_trx_delta1	0.000785641282092807	0.0029065242178686	0.00188493976959899
Master_mconsumospesos	0.00076300508528101	0.00144080267977173	0.00184987112272273
ccuenta_debitos_automaticos_lag1	0.000751825731242553	0.00288446716858932	0.00144658168364574
mtarjeta_master_consumo_lag1	0.000729513114967222	0.00204595359054822	0.00106082656800687
mextraccion_autoservicio_lag1	0.000725021883876215	0.00092987774057201	0.00206028300398029
Master_mconsumospesos_lag1	0.000711567499367407	0.00165174510767074	0.0016569935649033
Visa_mpagado	0.000709128070484095	0.00308607171556552	0.00172713085865582
ctransferencias_recibidas_delta1	0.000691003592086161	0.0017275795964665	0.0016569935649033
mextraccion_autoservicio	0.000684362420445258	0.00316436410247288	0.00177096666725114
mpagomiscuentas_delta1	0.0006553743132001	0.00152394307150949	0.00177973382897021
mcuenta_debitos_automaticos_delta1	0.000645791617802752	0.00331001935468881	0.001481650330522
mextraccion_autoservicio_delta1	0.000622167858388382	0.00267396339087902	0.00159562343286984
ctarjeta_visa_debitos_automaticos_delta1	0.00061351362971103	0.0018894686633324	0.000753975907839596
matm_lag1	0.000600869878545066	0.00215341575488222	0.0016306920797461
ccaja_ahorro_lag1	0.000591354387410231	0.00114035414098906	0.000981922112535288
thomebanking_lag1	0.000590061772716869	0.000667036476945476	0.00105205940628781
ccuenta_debitos_automaticos	0.000584237152778746	0.00190207763233202	0.00134137574301696
Visa_mpagado_delta1	0.000583597206585811	0.00149065335654121	0.00102575792113061
cpayroll_trx_lag1	0.000580117387888973	0.000847788345483949	0.00067507145236801
mprestamos_prendarios	0.000573182209353361	0.00579940511118769	0.00064000280549175
Master_mpagominimo_delta1	0.000562779505202225	0.00297385939913553	0.00114849818519752
mplazo_fijo_dolares	0.000561826102820845	0.0027949958736472	0.000508495379705774
cpagomiscuentas_lag1	0.000552706958263703	0.00078485853112971	0.00124493696410724
Master_msaldopesos_delta1	0.000552399984237265	0.00181589575368265	0.00114849818519752
Master_msaldototal_delta1	0.000546507477039244	0.00169820529455503	0.00111342953832126
ccajas_trx_delta1	0.000541734543113927	0.00152230158422115	0.000561098350020165
cpagomiscuentas	0.000511613315381001	0.00186776636855888	0.00122740264066911
Master_mfinanciacion_limite_delta1	0.000509883790613812	0.00536521328017382	0.000867949010187442
mplazo_fijo_dolares_delta1	0.000507948546196822	0.00381123110631826	0.00058739983517736
cextraccion_autoservicio	0.000504431599446739	0.00126856139176519	0.001078360891445
Master_mconsumospesos_delta1	0.000497102734820456	0.00172743895233257	0.00117479967035472
matm	0.00049193653152873	0.000936229656040655	0.0012800056109835
Master_cconsumos_lag1	0.00047086123413367	0.00102551306759775	0.00101699075941155
cextraccion_autoservicio_lag1	0.00046293758980947	0.00281518083754068	0.00120986831723098
Master_cconsumos	0.000450925382063602	0.0020261216940444	0.00126247128754537
ccallcenter_trx_lag1	0.000437600856260919	0.00310784486921567	0.000832880363311182
matm_delta1	0.000437386429102674	0.00140152761365334	0.00111342953832126
tmobile_app	0.00043662278709648	0.000278798467921486	0.000946853465659028
Visa_mfinanciacion_limite_delta1	0.000434200853080141	0.00110053267931218	0.000780277392996791
Visa_mpagosdolares	0.000416496744862694	0.000831009208894838	0.00106959372972594
mttarjeta_master_debitos_automaticos_lag1	0.000393945660966537	0.0012756014972327	0.000789044554715856
mcaja_ahorro_adicional_lag1	0.000384837329450417	0.00425722017342135	0.000780277392996791
tpaquete7	0.000377765098679909	0.00171144401798642	0.000271782013291017
Visa_msaldodolares_lag1	0.000365670508164672	0.00124415902103113	0.00123616980238817
Master_mpagado_lag1	0.000365333617504672	0.00035734660629377	0.000219179042976627
catm_trx_lag1	0.000365251627794542	0.00237052037437454	0.000955620627378093
Visa_mpagado_lag1	0.00036383284580058	0.00159278001617599	0.000832880363311182
thomebanking_delta1	0.000362037756136651	0.00108298590489283	0.000780277392996791
tcallcenter_lag1	0.000353060440987002	0.000873192249690828	0.000499728217986709
Visa_mpagosdolares_lag1	0.000352065301066537	0.000855534202295283	0.000885483333625572
Master_Fvencimiento_delta1	0.000348402772255499	0.000271430601805983	0.00064000280549175
Visa_msaldodolares_delta1	0.000346066717543647	0.0023892893110417	0.000981922112535288
ccajas_otras_delta1	0.000343944089459214	0.00117613564976534	0.000210411881257562
cextraccion_autoservicio_delta1	0.000336714242296779	0.000518211440306446	0.000762743069558661
Master_cconsumos_delta1	0.00033664324894469	0.000790553621621729	0.000745208746120531
mttarjeta_master_debitos_automaticos	0.000330452309201635	0.00295692512455136	0.000666304290648945
catm_trx	0.000311575191024385	0.00183081568831808	0.000850414686749312
cseguro_accidentes_personales	0.000302229474498054	0.000388332334151982	0.000482193894548579
ctarjeta_master_trx	0.000300585120699379	0.00273165079866851	0.000841647525030247
Visa_mconsumototal_lag1	0.00029633029236604	0.000256954071959215	0.00056986551173923
cprestamos_personales_lag1	0.000291879996354772	0.00131259420200207	0.000499728217986709
mtarjeta_master_consumo_delta1	0.000287785470285125	0.00200230337223293	0.00064000280549175
Visa_Fvencimiento_delta1	0.000277083663789173	0.000133629028458262	0.000596166996896425
ccajas_otras	0.000274911765315333	0.00173934868839152	0.000280549175010082
cseguro_accidentes_personales_lag1	0.000274031591815805	0.000471558768811371	0.000490961056267644
cpagomiscuentas_delta1	0.000272616217045399	0.00144787898154852	0.000745208746120531
Visa_msaldodolares	0.000267457691846065	0.000579151991392305	0.000631235643772685
minversion1_pesos	0.00026372181930877	0.0030633467216807	0.000263014851571952
matm_other_delta1	0.000263061159680425	0.00144661103710444	0.000718907260963336
Master_mlimitecompra_delta1	0.00026301226621184	0.000491971263318469	0.000526029703143904
Visa_mlimitecompra_delta1	0.000259559363822583	0.000427530099677675	0.00058739983517736
Master_delinquency	0.000253265092910797	0.00033748786930637	0.000175343234381301
Visa_mconsumototal	0.000246513848810674	0.000372784178826711	0.000543564026582034
mforex_sell	0.000245757048614794	0.00103503162331856	0.000596166996896425
ccajas_extracciones	0.000239790893361867	0.00218891244778422	0.000613701320334555
mcaja_ahorro_adicional	0.000224051914804154	0.00182906124093743	0.000350686468762603
ccuenta_debitos_automaticos_delta1	0.000223352247034943	0.00219647540587176	0.000438358085953254
mforex_sell_delta1	0.000219311824347617	0.000787457763559103	0.000490961056267644
Visa_mconsumototal_delta1	0.000219309126336422	0.000478130239435659	0.000561098350020165
mplazo_fijo_dolares_lag1	0.00021880543469482	0.00206327122392494	0.000499728217986709
tpaquete9	0.000214890913307376	0.000415949427947351	0.000245480528133822
Master_fechaalta_delta1	0.00020845623191979	0.00011447926367272	0.000517262541424839
matm_other_lag1	0.000206103559616771	0.000576760504305782	0.000412056600796058
cprestamos_personales_delta1	0.000201774138131937	0.00184510793907333	0.000280549175010082
tmobile_app_lag1	0.000201247468979109	0.000104450585389793	0.000473426732829514
Visa_fechaalta_delta1	0.000195107729231278	0.000202507307469468	0.000490961056267644
mttarjeta_master_debitos_automaticos_delta1	0.00019389641646185	0.00167185407465215	0.000499728217986709
mprestamos_hipotecarios	0.000183954292018849	0.00116501885827828	8.76716171906507e-05
matm_other	0.000183625939401653	0.00116437161918865	0.000447125247672319
Visa_status_delta1	0.000180443455513483	0.000815072403367403	0.000368220792200733
tcallcenter_delta1	0.00017840162574847	0.000344961486927158	0.000298083498448212
Visa_delinquency_lag1	0.000171422333029956	0.000244378691907605	9.64387789097158e-05
active_quarter_lag1	0.000171264483432504	0.000193830315939373	0.000315617821886343
ctarjeta_master_trx_lag1	0.000168640842627277	0.000242231223160325	0.000350686468762603
minversion2	0.000165496973743581	0.00336181773032067	0.000315617821886343
mforex_sell_lag1	0.000156194288062425	0.000392999894245657	0.000412056600796058
cseguro_vivienda	0.00015501681780839	0.000214130233789648	0.000245480528133822
Visa_status_lag1	0.000147629762882471	0.000473879090272874	0.000113973102347846
catm_trx_other	0.000146628713600177	0.00110143927416024	0.000333152145324473
ccajas_trx_lag1	0.000146083819100193	0.00108099242383417	0.000894250495344637
ctarjeta_debito_delta1	0.00014420854039608	0.00251834203705044	0.000263014851571952
ctarjeta_visa_delta1	0.000143793274895483	0.00195762784744508	0.000245480528133822
Master_mconsumosdolares_lag1	0.000137162206241602	0.000187975256165247	0.000341919307043538
catm_trx_delta1	0.000132217924827464	0.000740355168872217	0.000403289439076993
Master_msaldodolares_lag1	0.000131235987960845	0.000475478859781034	0.000192877557819432
ccajas_trx	0.000130150317704169	0.000206475634622469	0.000315617821886343
cseguro_vivienda_lag1	0.000127871945228665	0.00030088182087467	0.000227946204695692
minversion2_lag1	0.000126308281761318	0.00296770257563893	0.000289316336729147
Master_mconsumosdolares	0.000125851273069352	0.00021891351471108	0.000298083498448212
tpaquete9_lag1	0.000122226846507969	0.000713729639227201	0.000184110396100366
mcheques_emitidos_delta1	0.00012125988771184	0.00216398408025919	0.000263014851571952
cpayroll_trx_delta1	0.000115491152613042	0.000210501477097417	0.000447125247672319
ccheques_depositados_delta1	0.000115363386025422	0.00234378318831785	0.000210411881257562
cseguro_vida_lag1	0.00011398514205939	0.0023177272137343	0.000315617821886343
cforex_buy_delta1	0.000111958910390574	0.00158599129100894	0.000140274587505041
Master_mconsumosdolares_delta1	0.000106830121414614	0.000248771865572049	0.000245480528133822
Visa_mpagosdolares_delta1	0.000106712138332501	0.000960285554475306	0.000701372937525206
mcheques_depositados	0.000106196582291938	0.00139540990057566	0.000315617821886343
cliente_edad_delta1	0.000105626065089458	0.000209809299369568	0.000192877557819432
ctarjeta_master	0.000104777720241273	0.00047409933561238	0.000298083498448212
mprestamos_hipotecarios_lag1	0.000104729416261099	0.00243880356152134	0.000192877557819432
mcaja_ahorro_adicional_delta1	9.74456320135005e-05	0.00177833878526144	0.000245480528133822
mprestamos_prendarios_lag1	9.6222223617311e-05	0.000429063074725282	7.01372937525206e-05
internet_delta1	9.35502046954709e-05	0.000142362001568385	0.000184110396100366
ccajas_depositos_lag1	9.26175037726536e-05	0.000556735202946026	0.000149041749224106
Visa_delinquency	9.2594216161202e-05	8.32531984558686e-05	5.26029703143904e-05
Master_delinquency_lag1	9.24322330179054e-05	0.000411213079528628	0.000113973102347846
mcheques_depositados_delta1	8.6224659632191e-05	0.00224059540933671	0.000271782013291017
minversion1_pesos_delta1	8.58644430188669e-05	0.000190091359890293	0.000149041749224106
ccajas_extracciones_delta1	8.52851734280187e-05	0.000588557280272431	0.000227946204695692
ctarjeta_master_debitos_automaticos_lag1	8.41340501339869e-05	0.000317989638356929	0.000192877557819432
Master_msaldodolares	8.07339457802007e-05	0.00237087029759326	0.000227946204695692
tmobile_app_delta1	7.94952110464326e-05	0.000355651821473754	0.000184110396100366
mprestamos_hipotecarios_delta1	7.86993564269277e-05	1.88025256151793e-05	0.000105205940628781
mtarjeta_visa_descuentos_delta1	7.64825121142955e-05	0.000852650460739995	0.000175343234381301
cforex_buy	7.54336103838066e-05	0.00053633283113559	5.26029703143904e-05
Master_mpagado	7.47456828787111e-05	0.000592643552178971	0.000236713366414757
ctarjeta_master_trx_delta1	7.41389650000951e-05	0.000804352237540491	0.000306850660167277
cprestamos_hipotecarios	7.34278622880798e-05	0.000578860963863257	4.38358085953254e-05
mtarjeta_visa_descuentos_lag1	7.27006207499735e-05	0.000293909200051581	0.000140274587505041
cseguro_vida	6.98680691893398e-05	0.000231946640038285	0.000122740264066911
Master_mconsumototal_lag1	6.824446993594e-05	0.000326296077839499	0.000140274587505041
catm_trx_other_delta1	6.73188753544918e-05	0.000186968124534421	0.000157808910943171
active_quarter	6.36646522684397e-05	0.000195938060770962	0.000140274587505041
catm_trx_other_lag1	6.19107533438278e-05	0.000948646217116597	0.000175343234381301
Visa_delinquency_delta1	5.50578805682108e-05	0.000337781274135392	0.000113973102347846
ctarjeta_visa_lag1	5.48497592558657e-05	0.00193149917349459	0.000219179042976627
minversion1_pesos_lag1	5.4215348914936e-05	0.00110219993346476	0.000131507425785976
ccheques_emitidos	5.35970087080627e-05	0.00100976069453602	0.000113973102347846
ccajas_depositos	5.32930936762658e-05	0.000902972686462335	0.000149041749224106
cplazo_fijo_lag1	5.31802439127272e-05	0.000323858655182514	7.01372937525206e-05
Master_mconsumototal_delta1	5.28708629180303e-05	3.40571994243318e-05	7.01372937525206e-05
cforex	4.94990595098662e-05	0.000100594451458134	0.000131507425785976
ccajas_consultas	4.92953602928533e-05	0.000378716615880628	0.000122740264066911
Master_mconsumototal	4.90437139024223e-05	0.000221576857552669	0.000149041749224106
ctarjeta_master_debitos_automaticos	4.80539342827517e-05	0.000206910910578958	0.000105205940628781
Master_mpagado_delta1	4.77347087605086e-05	0.000275305063953568	9.64387789097158e-05
ccajas_extracciones_lag1	4.76532954311954e-05	0.000386935862135127	0.000149041749224106
ccajas_consultas_lag1	4.5958751147822e-05	0.000304828445579523	0.000131507425785976
cforex_sell	4.5279252043052e-05	0.000147657628977713	7.89044554715856e-05
mprestamos_prendarios_delta1	4.37711513185848e-05	0.0019345010898647	0.000192877557819432
ccheques_depositados_lag1	4.09534296579393e-05	0.00051201888062314	5.26029703143904e-05
mcheques_emitidos_lag1	4.02834265485821e-05	0.000829792184682456	0.000140274587505041
cforex_sell_lag1	3.98439342362018e-05	0.00107419626001881	0.000131507425785976
cforex_lag1	3.81872205523108e-05	0.000632336409595977	0.000140274587505041
cinversion2	3.59279689258872e-05	0.00142066802261318	0.000131507425785976
Master_msaldodolares_delta1	3.27359550735758e-05	0.000798785904682535	0.000113973102347846
ctarjeta_master_lag1	3.25441962332946e-05	0.000263341800301658	6.13701320334555e-05
Master_mpagosdolares	2.94898532845717e-05	0.000105200585187971	0.000254247689852887
Master_mpagosdolares_lag1	2.78308168914704e-05	4.71242204479379e-05	0.000140274587505041
ccheques_emitidos_lag1	2.61890269176447e-05	0.000395863697156004	5.26029703143904e-05
cforex_sell_delta1	2.57202992155584e-05	0.000109356412290518	8.76716171906507e-05
cprestamos_hipotecarios_lag1	2.53791958155652e-05	0.000637359951188952	5.26029703143904e-05
minversion2_delta1	2.36681699211179e-05	0.000263717337010419	7.01372937525206e-05
tpaquete7_lag1	2.27747594494452e-05	0.000898272074230314	0.000245480528133822
ctarjeta_visa_descuentos_delta1	2.2319327095212e-05	0.000888933656497837	8.76716171906507e-05
ctarjeta_master_debitos_automaticos_delta1	2.2229378532732e-05	0.000162017901187054	4.38358085953254e-05
cforex_delta1	2.21120852559748e-05	0.000243131989789099	5.26029703143904e-05
Visa_madelantopesos	2.17668892687845e-05	1.23725426828794e-05	4.38358085953254e-05
ctarjeta_master_delta1	2.06261692676602e-05	5.87587265196034e-05	1.75343234381301e-05
Master_delinquency_delta1	2.05644946142414e-05	0.000279612041322189	5.26029703143904e-05
mcheques_depositados_lag1	1.96811785829189e-05	0.000125165457116136	7.01372937525206e-05
Master_status_delta1	1.84800968703228e-05	0.000228803466037472	0.000184110396100366
mtarjeta_master_descuentos_delta1	1.84379967732917e-05	9.60139312183371e-05	5.26029703143904e-05
mforex_buy_delta1	1.61423081386515e-05	0.000730007088834749	6.13701320334555e-05
mcheques_emitidos_rechazados_lag1	1.56692366091676e-05	7.58589519793664e-05	1.75343234381301e-05
ccajas_otras_lag1	1.39659109566943e-05	0.000207347413528982	2.63014851571952e-05
tcuentas	1.36983907150697e-05	0.00015465570991665	2.63014851571952e-05
active_quarter_delta1	1.25510771650166e-05	4.45040524413558e-05	1.75343234381301e-05
mtarjeta_master_descuentos_lag1	1.21389318996549e-05	0.00014490640272419	4.38358085953254e-05
Master_mpagosdolares_delta1	1.18473284427454e-05	4.94030541905432e-05	7.89044554715856e-05
mtarjeta_visa_descuentos	1.08692333902968e-05	0.000190803936385659	9.64387789097158e-05
ctarjeta_visa_descuentos	1.01746956223402e-05	0.000188323952390433	3.50686468762603e-05
mforex_buy	1.01299368109299e-05	0.000466007543311314	3.50686468762603e-05
mtarjeta_master_descuentos	9.99417922316217e-06	9.1332874195778e-05	2.63014851571952e-05
ctarjeta_visa_descuentos_lag1	9.49557350686822e-06	0.000178671501000131	2.63014851571952e-05
mcheques_emitidos	8.16564546262343e-06	0.000386299052490539	3.50686468762603e-05
cpagodeservicios_lag1	7.50352308538475e-06	0.000155695126814862	2.63014851571952e-05
tpaquete7_delta1	6.85914289848889e-06	0.000433997735974075	5.26029703143904e-05
cseguro_auto	6.46076336852987e-06	2.45428614937959e-05	8.76716171906507e-06
Visa_madelantodolares_lag1	4.61435852225376e-06	1.17814385474641e-06	8.76716171906507e-06
Master_madelantopesos_delta1	3.93361998219304e-06	7.77147030137352e-06	4.38358085953254e-05
cprestamos_prendarios_lag1	3.9025481139135e-06	0.000164029557087445	1.75343234381301e-05
cplazo_fijo_delta1	3.06846199060396e-06	1.1032972491204e-06	8.76716171906507e-06
ctarjeta_master_descuentos_delta1	2.97720130685505e-06	2.52680146728939e-05	8.76716171906507e-06
Master_cadelantosefectivo_delta1	2.9448425810305e-06	5.09723789216198e-06	1.75343234381301e-05
cinversion2_lag1	2.54799665826552e-06	2.55789808468831e-05	8.76716171906507e-06
cinversion1_lag1	2.3447940292848e-06	3.48914783409358e-05	8.76716171906507e-06
cseguro_vida_delta1	2.12664593813902e-06	7.13467599420414e-05	8.76716171906507e-06
ccajas_depositos_delta1	2.06158485567003e-06	5.9569845933237e-05	1.75343234381301e-05
ccheques_depositados	1.96353299010282e-06	3.44218465654709e-05	1.75343234381301e-05
mcajeros_propios_descuentos_lag1	1.33039166515297e-06	2.60187813420319e-05	8.76716171906507e-06
Visa_cadelantosefectivo_lag1	3.51429085180961e-07	9.6403348291461e-07	8.76716171906507e-06
Master_madelantopesos	2.44497853963586e-07	1.92338905297759e-05	8.76716171906507e-05
Master_cadelantosefectivo_lag1	1.80184864031298e-07	1.17285244512736e-06	8.76716171906507e-06
Master_madelantopesos_lag1	1.40238593839164e-08	1.46716218188097e-05	7.01372937525206e-05
Visa_madelantopesos_lag1	9.8509247238737e-11	8.34232904346376e-06	1.75343234381301e-05
Visa_cadelantosefectivo	3.76264956282299e-11	2.02806693891972e-06	8.76716171906507e-06
Visa_madelantopesos_delta1	2.60745963616051e-12	1.53312842179849e-06	8.76716171906507e-06
Master_cadelantosefectivo	1.14972521628712e-12	1.99944731471928e-05	7.01372937525206e-05
